version 2
run Wsn-0-20131117-16:50:07-3017
attr configname Wsn
attr datetime 20131117-16:50:07
attr experiment Wsn
attr inifile omnetpp.ini
attr iterationvars ""
attr iterationvars2 $repetition=0
attr measurement ""
attr network trackingwsn.Wsn
attr processid 3017
attr repetition 0
attr replication #0
attr resultdir results
attr runnumber 0
attr seedset 0

vector 0  Wsn.target[0].mobility  id2_x  ETV
vector 1  Wsn.target[0].mobility  id2_y  ETV
vector 2  Wsn.target[1].mobility  id3_x  ETV
vector 3  Wsn.target[1].mobility  id3_y  ETV
vector 808  Wsn.bs.app  tracked_tid3_x  ETV
vector 809  Wsn.bs.app  tracked_tid3_y  ETV
vector 806  Wsn.bs.app  tracked_tid2_x  ETV
vector 807  Wsn.bs.app  tracked_tid2_y  ETV
0	0	0	-31.666666666667
0	33372	22	-30.333333333333
0	33440	22.25	-30
0	33498	22.5	-29.333333333333
0	33596	22.75	-28.333333333333
0	33690	23	-27.333333333333
0	33858	23.25	-26.666666666667
0	33980	23.5	-24.666666666667
0	34212	23.75	-23.666666666667
0	34374	24	-22.666666666667
0	34772	24.25	-21.333333333333
0	35023	24.5	-19.666666666667
0	35487	24.75	-18
0	35799	25	-17.333333333333
0	36355	25.25	-16
0	36687	25.5	-15.666666666667
0	37305	25.75	-13.666666666667
0	37671	26	-12.666666666667
0	38302	26.25	-12
0	38734	26.5	-10.333333333333
0	39403	26.75	-8.6666666666667
0	39917	27	-7.6666666666667
0	40373	27.25	-7
0	41360	27.5	-5.3333333333333
0	41848	27.75	-3
0	42731	28	-1.6666666666667
0	43214	28.25	-1
0	44176	28.5	0.33333333333333
0	44621	28.75	2.3333333333333
0	45525	29	4
0	46031	29.25	5.3333333333333
0	46765	29.5	7.3333333333333
0	47465	29.75	9.3333333333333
0	48163	30	10.666666666667
0	48906	30.25	12.333333333333
0	49663	30.5	15.333333333333
0	50507	30.75	17.666666666667
0	51231	31	20
0	52183	31.25	21.333333333333
0	52790	31.5	22.666666666667
0	53853	31.75	25
0	54458	32	26.666666666667
0	55531	32.25	29.333333333333
0	56113	32.5	32.333333333333
0	57211	32.75	35
0	57734	33	37.666666666667
0	58819	33.25	41
0	59344	33.5	44.666666666667
0	60363	33.75	51
0	60915	34	55.666666666667
0	61761	34.25	58.333333333333
0	62162	34.5	61
0	63178	34.75	63.333333333333
0	63712	35	65.333333333333
0	64739	35.25	67.666666666667
0	65311	35.5	70.333333333333
0	66232	35.75	72.666666666667
0	66923	36	74
0	67812	36.25	76.333333333333
0	68527	36.5	77.666666666667
0	69351	36.75	78.333333333333
0	70074	37	80
0	70889	37.25	81.666666666667
0	71693	37.5	82.666666666667
0	72510	37.75	83.666666666667
0	73363	38	85.333333333333
0	74266	38.25	86.666666666667
0	75092	38.5	88.333333333333
0	75795	38.75	89.666666666667
0	76636	39	91.666666666667
0	77333	39.25	94
0	78250	39.5	95.666666666667
0	78955	39.75	97
0	79836	40	99
0	80266	40.25	101.66666666667
0	81037	40.5	103
0	81787	40.75	105.33333333333
0	82284	41	107.66666666667
0	83234	41.25	109
0	83727	41.5	110
0	84553	41.75	110.66666666667
0	85052	42	112.66666666667
0	85898	42.25	114.66666666667
0	86350	42.5	115.66666666667
0	87234	42.75	117
0	87688	43	117.66666666667
0	88685	43.25	118.66666666667
0	89139	43.5	119.66666666667
0	90246	43.75	120.66666666667
0	90662	44	121.66666666667
0	91777	44.25	122.66666666667
0	92193	44.5	124
0	93361	44.75	125.66666666667
0	93777	45	127.66666666667
0	94812	45.25	128.66666666667
0	95232	45.5	130.33333333333
0	96444	45.75	131.66666666667
0	96864	46	134
0	98087	46.25	135.66666666667
0	98507	46.5	138.66666666667
0	99529	46.75	140.66666666667
0	100038	47	142
0	100644	47.25	145.33333333333
0	101542	47.5	147.66666666667
0	102394	47.75	150.66666666667
0	103368	48	153.66666666667
0	104319	48.25	157
0	105217	48.5	161.66666666667
0	105935	48.75	166.66666666667
0	106810	49	169
0	107615	49.25	171
0	108272	49.5	174
0	108875	49.75	176.33333333333
0	109844	50	179
0	110269	50.25	181
0	111452	50.5	183
0	111997	50.75	185.66666666667
0	113164	51	187.66666666667
0	113768	51.25	190
0	114968	51.5	191.66666666667
0	115530	51.75	194
0	116911	52	196.66666666667
0	117454	52.25	198.33333333333
0	118681	52.5	201.33333333333
0	119251	52.75	203.66666666667
0	120421	53	205.33333333333
0	120935	53.25	207.66666666667
0	122223	53.5	209.66666666667
0	122749	53.75	211.33333333333
0	123963	54	214
0	124524	54.25	216
0	125736	54.5	218
0	126300	54.75	220.33333333333
0	127210	55	223.33333333333
0	128219	55.25	225.33333333333
0	128931	55.5	227.33333333333
0	129997	55.75	229.66666666667
0	130644	56	231.33333333333
0	131487	56.25	232.66666666667
0	132392	56.5	234
0	133188	56.75	235.66666666667
0	134039	57	237.66666666667
0	134755	57.25	239.33333333333
0	135485	57.5	241
0	136319	57.75	242
0	137090	58	243.66666666667
0	137790	58.25	244.66666666667
0	138644	58.5	247.33333333333
0	139309	58.75	249.33333333333
0	140236	59	250.66666666667
0	140752	59.25	252.33333333333
0	141662	59.5	253.66666666667
0	142131	59.75	255.33333333333
0	143400	60	257.66666666667
0	143826	60.25	259.66666666667
0	144973	60.5	261.33333333333
0	145399	60.75	264.33333333333
0	146659	61	266.33333333333
0	147085	61.25	268.66666666667
0	148352	61.5	270.66666666667
0	148732	61.75	273
0	149926	62	275.33333333333
0	150306	62.25	277.66666666667
0	151484	62.5	280.33333333333
0	151864	62.75	282.33333333333
0	153107	63	283.66666666667
0	153487	63.25	285.66666666667
0	154773	63.5	286.66666666667
0	155219	63.75	288.33333333333
0	156156	64	289.66666666667
0	156902	64.25	291.66666666667
0	157805	64.5	293
0	158278	64.75	294
0	159485	65	295
0	159971	65.25	297.66666666667
0	161104	65.5	299.66666666667
0	161573	65.75	302.33333333333
0	162403	66	303.33333333333
0	162898	66.25	304.66666666667
0	163958	66.5	306.33333333333
0	164633	66.75	308
0	165738	67	309.66666666667
0	166445	67.25	310.33333333333
0	167452	67.5	311.66666666667
0	168162	67.75	312.66666666667
0	169024	68	315.33333333333
0	169734	68.25	317
0	170497	68.5	317.66666666667
0	171030	68.75	320.66666666667
0	171912	69	322.33333333333
0	172639	69.25	323.33333333333
0	173489	69.5	326
0	174227	69.75	327
0	174992	70	328
0	175819	70.25	329
0	176317	70.5	331
0	177400	70.75	332.33333333333
0	177929	71	333.33333333333
0	178864	71.25	334.66666666667
0	179325	71.5	336
0	180175	71.75	338.33333333333
0	180694	72	341.66666666667
0	181571	72.25	344.33333333333
0	182071	72.5	346.33333333333
0	183091	72.75	349.33333333333
0	183609	73	353.33333333333
0	184614	73.25	358
0	185066	73.5	361.33333333333
0	186068	73.75	364.66666666667
0	186553	74	368.33333333333
0	187606	74.25	372.33333333333
0	188057	74.5	376.33333333333
0	189030	74.75	379.66666666667
0	189541	75	382.66666666667
0	190480	75.25	384.66666666667
0	190961	75.5	386
0	191684	75.75	387.66666666667
0	192146	76	389
0	192859	76.25	391
0	193319	76.5	394
0	193989	76.75	397
0	194447	77	399.33333333333
0	194934	77.25	401.33333333333
0	195363	77.5	404
0	195820	77.75	406
1	0	0	55
1	33372	22	56.666666666667
1	33440	22.25	58.333333333333
1	33498	22.5	59.333333333333
1	33596	22.75	61.333333333333
1	33690	23	62.666666666667
1	33858	23.25	64
1	33980	23.5	66
1	34212	23.75	67
1	34374	24	68.666666666667
1	34772	24.25	71
1	35023	24.5	72.666666666667
1	35487	24.75	74
1	35799	25	75.333333333333
1	36355	25.25	76.666666666667
1	36687	25.5	77.666666666667
1	37305	25.75	79
1	37671	26	80
1	38302	26.25	81.666666666667
1	38734	26.5	83.333333333333
1	39403	26.75	84.666666666667
1	39917	27	86
1	40373	27.25	87.666666666667
1	41360	27.5	89.333333333333
1	41848	27.75	91.333333333333
1	42731	28	93
1	43214	28.25	94.666666666667
1	44176	28.5	96
1	44621	28.75	98
1	45525	29	100.33333333333
1	46031	29.25	102
1	46765	29.5	104.33333333333
1	47465	29.75	106.33333333333
1	48163	30	108
1	48906	30.25	110
1	49663	30.5	112.33333333333
1	50507	30.75	114
1	51231	31	115
1	52183	31.25	116.66666666667
1	52790	31.5	118
1	53853	31.75	119.33333333333
1	54458	32	120.33333333333
1	55531	32.25	122.33333333333
1	56113	32.5	124.66666666667
1	57211	32.75	127.33333333333
1	57734	33	129
1	58819	33.25	130.66666666667
1	59344	33.5	131
1	60363	33.75	131
1	60915	34	131
1	61761	34.25	130.66666666667
1	62162	34.5	130.33333333333
1	63178	34.75	130
1	63712	35	129.33333333333
1	64739	35.25	129
1	65311	35.5	127.66666666667
1	66232	35.75	126.66666666667
1	66923	36	126
1	67812	36.25	125.33333333333
1	68527	36.5	124
1	69351	36.75	123.33333333333
1	70074	37	121.33333333333
1	70889	37.25	119.66666666667
1	71693	37.5	119.33333333333
1	72510	37.75	118
1	73363	38	116.33333333333
1	74266	38.25	114.66666666667
1	75092	38.5	113.33333333333
1	75795	38.75	112
1	76636	39	111
1	77333	39.25	109.66666666667
1	78250	39.5	108.33333333333
1	78955	39.75	108
1	79836	40	108
1	80266	40.25	107.66666666667
1	81037	40.5	107.66666666667
1	81787	40.75	107.66666666667
1	82284	41	107.66666666667
1	83234	41.25	108
1	83727	41.5	108.33333333333
1	84553	41.75	108.66666666667
1	85052	42	110
1	85898	42.25	111
1	86350	42.5	111.66666666667
1	87234	42.75	112.33333333333
1	87688	43	113.33333333333
1	88685	43.25	114.66666666667
1	89139	43.5	116.66666666667
1	90246	43.75	118.66666666667
1	90662	44	120.66666666667
1	91777	44.25	122.66666666667
1	92193	44.5	125
1	93361	44.75	128.33333333333
1	93777	45	131
1	94812	45.25	133
1	95232	45.5	134
1	96444	45.75	135.33333333333
1	96864	46	136.66666666667
1	98087	46.25	138.33333333333
1	98507	46.5	139.66666666667
1	99529	46.75	141.33333333333
1	100038	47	142
1	100644	47.25	143
1	101542	47.5	144.33333333333
1	102394	47.75	145
1	103368	48	145.66666666667
1	104319	48.25	146
1	105217	48.5	146
1	105935	48.75	146
1	106810	49	146
1	107615	49.25	146
1	108272	49.5	145.66666666667
1	108875	49.75	145.33333333333
1	109844	50	144.66666666667
1	110269	50.25	143.66666666667
1	111452	50.5	143
1	111997	50.75	141.66666666667
1	113164	51	140
1	113768	51.25	139
1	114968	51.5	137.33333333333
1	115530	51.75	136
1	116911	52	134.33333333333
1	117454	52.25	132.66666666667
1	118681	52.5	131
1	119251	52.75	128.66666666667
1	120421	53	125.66666666667
1	120935	53.25	123.66666666667
1	122223	53.5	122
1	122749	53.75	119.66666666667
1	123963	54	118
1	124524	54.25	117
1	125736	54.5	115
1	126300	54.75	112.66666666667
1	127210	55	110
1	128219	55.25	108
1	128931	55.5	105.66666666667
1	129997	55.75	103.33333333333
1	130644	56	100.66666666667
1	131487	56.25	98.666666666667
1	132392	56.5	96.666666666667
1	133188	56.75	94.666666666667
1	134039	57	91
1	134755	57.25	87.333333333333
1	135485	57.5	86
1	136319	57.75	84.333333333333
1	137090	58	82.333333333333
1	137790	58.25	80.333333333333
1	138644	58.5	77.333333333333
1	139309	58.75	74.666666666667
1	140236	59	73
1	140752	59.25	72.333333333333
1	141662	59.5	71.666666666667
1	142131	59.75	71.333333333333
1	143400	60	71
1	143826	60.25	71
1	144973	60.5	71
1	145399	60.75	71
1	146659	61	71
1	147085	61.25	71.666666666667
1	148352	61.5	73
1	148732	61.75	74
1	149926	62	75
1	150306	62.25	76
1	151484	62.5	77.666666666667
1	151864	62.75	78.666666666667
1	153107	63	80
1	153487	63.25	81
1	154773	63.5	82.333333333333
1	155219	63.75	83.333333333333
1	156156	64	85.333333333333
1	156902	64.25	87.333333333333
1	157805	64.5	88.333333333333
1	158278	64.75	90
1	159485	65	91.666666666667
1	159971	65.25	94
1	161104	65.5	96.666666666667
1	161573	65.75	99.333333333333
1	162403	66	101
1	162898	66.25	102.33333333333
1	163958	66.5	103.66666666667
1	164633	66.75	105.66666666667
1	165738	67	108
1	166445	67.25	109.33333333333
1	167452	67.5	110.66666666667
1	168162	67.75	113
1	169024	68	116.66666666667
1	169734	68.25	118.66666666667
1	170497	68.5	120.33333333333
1	171030	68.75	123.66666666667
1	171912	69	127
1	172639	69.25	129.66666666667
1	173489	69.5	133.66666666667
1	174227	69.75	136.66666666667
1	174992	70	139
1	175819	70.25	141
1	176317	70.5	143
1	177400	70.75	145.66666666667
1	177929	71	147.66666666667
1	178864	71.25	150
1	179325	71.5	152
1	180175	71.75	155
1	180694	72	158.66666666667
1	181571	72.25	162
1	182071	72.5	164
1	183091	72.75	165.66666666667
1	183609	73	168
1	184614	73.25	170.66666666667
1	185066	73.5	171.33333333333
1	186068	73.75	171.66666666667
1	186553	74	172.66666666667
1	187606	74.25	173
1	188057	74.5	173.33333333333
1	189030	74.75	174
1	189541	75	174.66666666667
1	190480	75.25	174.66666666667
1	190961	75.5	174.66666666667
1	191684	75.75	175.33333333333
1	192146	76	175.33333333333
1	192859	76.25	175.33333333333
1	193319	76.5	175.66666666667
1	193989	76.75	176
1	194447	77	176
1	194934	77.25	176.33333333333
1	195363	77.5	176.66666666667
1	195820	77.75	177
2	0	0	-28.666666666667
2	33373	22	-26.666666666667
2	33441	22.25	-25.666666666667
2	33499	22.5	-24
2	33597	22.75	-20.333333333333
2	33691	23	-18.333333333333
2	33859	23.25	-16.666666666667
2	33981	23.5	-14
2	34213	23.75	-10
2	34375	24	-8
2	34773	24.25	-5.3333333333333
2	35024	24.5	-2.6666666666667
2	35488	24.75	0.33333333333333
2	35800	25	1
2	36356	25.25	3
2	36688	25.5	4.6666666666667
2	37306	25.75	7
2	37672	26	9.3333333333333
2	38303	26.25	12.333333333333
2	38735	26.5	15
2	39404	26.75	17.666666666667
2	39918	27	19.666666666667
2	40374	27.25	22.333333333333
2	41361	27.5	24.666666666667
2	41849	27.75	26
2	42732	28	27.333333333333
2	43215	28.25	29
2	44177	28.5	31.333333333333
2	44622	28.75	33.666666666667
2	45526	29	37.666666666667
2	46032	29.25	40
2	46766	29.5	40.666666666667
2	47466	29.75	42.666666666667
2	48164	30	45
2	48907	30.25	47.666666666667
2	49664	30.5	50.666666666667
2	50508	30.75	52.666666666667
2	51232	31	54
2	52184	31.25	55.666666666667
2	52791	31.5	58
2	53854	31.75	59.333333333333
2	54459	32	61
2	55532	32.25	63.333333333333
2	56114	32.5	64.666666666667
2	57212	32.75	66.333333333333
2	57735	33	68.666666666667
2	58820	33.25	70.333333333333
2	59345	33.5	72.666666666667
2	60364	33.75	74.333333333333
2	60916	34	76
2	61762	34.25	77.666666666667
2	62163	34.5	79.666666666667
2	63179	34.75	81.333333333333
2	63713	35	82.333333333333
2	64740	35.25	83.333333333333
2	65312	35.5	83.666666666667
2	66233	35.75	84.666666666667
2	66924	36	85.333333333333
2	67813	36.25	86.333333333333
2	68528	36.5	87
2	69352	36.75	87.666666666667
2	70075	37	88.333333333333
2	70890	37.25	88.666666666667
2	71694	37.5	89.333333333333
2	72511	37.75	89.666666666667
2	73364	38	90.666666666667
2	74267	38.25	91.666666666667
2	75093	38.5	92.666666666667
2	75796	38.75	93.333333333333
2	76637	39	93.666666666667
2	77334	39.25	94
2	78251	39.5	94.666666666667
2	78956	39.75	95.333333333333
2	79837	40	96.333333333333
2	80267	40.25	97.333333333333
2	81038	40.5	97.666666666667
2	81788	40.75	98.666666666667
2	82285	41	99.333333333333
2	83235	41.25	100.33333333333
2	83728	41.5	102.33333333333
2	84554	41.75	103.33333333333
2	85053	42	104.33333333333
2	85899	42.25	105.66666666667
2	86351	42.5	107.66666666667
2	87235	42.75	109.33333333333
2	87689	43	110.66666666667
2	88686	43.25	111.66666666667
2	89140	43.5	113.33333333333
2	90247	43.75	115
2	90663	44	117
2	91778	44.25	119
2	92194	44.5	120.33333333333
2	93362	44.75	121.33333333333
2	93778	45	122.66666666667
2	94813	45.25	123.66666666667
2	95233	45.5	126
2	96445	45.75	129
2	96865	46	131
2	98088	46.25	133.66666666667
2	98508	46.5	136.66666666667
2	99530	46.75	139.66666666667
2	100039	47	143
2	100645	47.25	145.33333333333
2	101543	47.5	148
2	102395	47.75	151
2	103369	48	154.33333333333
2	104320	48.25	157.33333333333
2	105218	48.5	161.33333333333
2	105936	48.75	165
2	106811	49	167.66666666667
2	107616	49.25	170.33333333333
2	108273	49.5	173
2	108876	49.75	177
2	109845	50	180.33333333333
2	110270	50.25	183.66666666667
2	111453	50.5	186
2	111998	50.75	188.66666666667
2	113165	51	193
2	113769	51.25	196.66666666667
2	114969	51.5	199.66666666667
2	115531	51.75	202
2	116912	52	205.33333333333
2	117455	52.25	207.33333333333
2	118682	52.5	210
2	119252	52.75	212
2	120422	53	213.66666666667
2	120936	53.25	216
2	122224	53.5	218.66666666667
2	122750	53.75	221.33333333333
2	123964	54	223
2	124525	54.25	224.66666666667
2	125737	54.5	226.33333333333
2	126301	54.75	228
2	127211	55	230.33333333333
2	128220	55.25	233.33333333333
2	128932	55.5	235.33333333333
2	129998	55.75	237.66666666667
2	130645	56	240.33333333333
2	131488	56.25	242.66666666667
2	132393	56.5	245
2	133189	56.75	247.33333333333
2	134040	57	250
2	134756	57.25	252.33333333333
2	135486	57.5	254.66666666667
2	136320	57.75	257
2	137091	58	259.33333333333
2	137791	58.25	261
2	138645	58.5	263
2	139310	58.75	265
2	140237	59	268
2	140753	59.25	269.66666666667
2	141663	59.5	270.66666666667
2	142132	59.75	273
2	143401	60	274.33333333333
2	143827	60.25	275.33333333333
2	144974	60.5	277.66666666667
2	145400	60.75	279
2	146660	61	280.33333333333
2	147086	61.25	282
2	148353	61.5	283.33333333333
2	148733	61.75	285
2	149927	62	286.33333333333
2	150307	62.25	288
2	151485	62.5	289.33333333333
2	151865	62.75	291
2	153108	63	292
2	153488	63.25	293.66666666667
2	154774	63.5	295.33333333333
2	155220	63.75	297
2	156157	64	298.33333333333
2	156903	64.25	300
2	157806	64.5	301.66666666667
2	158279	64.75	303.66666666667
2	159486	65	306.66666666667
2	159972	65.25	308.66666666667
2	161105	65.5	311
2	161574	65.75	312.33333333333
2	162404	66	314
2	162899	66.25	315.66666666667
2	163959	66.5	318
2	164634	66.75	320.33333333333
2	165739	67	324
2	166446	67.25	326
2	167453	67.5	329
2	168163	67.75	332.66666666667
2	169025	68	337
2	169735	68.25	341.33333333333
2	170498	68.5	344
2	171031	68.75	348.33333333333
2	171913	69	351.33333333333
2	172640	69.25	354
2	173490	69.5	358
2	174228	69.75	360.33333333333
2	174993	70	364.33333333333
2	175820	70.25	367.66666666667
2	176318	70.5	370
2	177401	70.75	372.33333333333
2	177930	71	374.66666666667
2	178865	71.25	376.33333333333
2	179326	71.5	378
2	180176	71.75	380.33333333333
2	180695	72	382
2	181572	72.25	383.33333333333
2	182072	72.5	385
2	183092	72.75	386.66666666667
2	183610	73	388
2	184615	73.25	390
2	185067	73.5	390.66666666667
2	186069	73.75	391.33333333333
2	186554	74	392.66666666667
2	187607	74.25	394.33333333333
2	188058	74.5	396.33333333333
2	189031	74.75	397
2	189542	75	398.66666666667
2	190481	75.25	400.33333333333
2	190962	75.5	402
2	191685	75.75	404
2	192147	76	406.33333333333
2	192860	76.25	408
2	193320	76.5	410.33333333333
2	193990	76.75	413.66666666667
2	194448	77	415.33333333333
2	194935	77.25	417
2	195364	77.5	420
2	195821	77.75	422
3	0	0	234.66666666667
3	33373	22	235
3	33441	22.25	235.33333333333
3	33499	22.5	236
3	33597	22.75	236.66666666667
3	33691	23	236.66666666667
3	33859	23.25	237
3	33981	23.5	237.66666666667
3	34213	23.75	238
3	34375	24	238.33333333333
3	34773	24.25	238.33333333333
3	35024	24.5	238.66666666667
3	35488	24.75	238.66666666667
3	35800	25	238.66666666667
3	36356	25.25	238.66666666667
3	36688	25.5	238.33333333333
3	37306	25.75	238
3	37672	26	237.66666666667
3	38303	26.25	237
3	38735	26.5	237
3	39404	26.75	235.66666666667
3	39918	27	235
3	40374	27.25	234
3	41361	27.5	233.33333333333
3	41849	27.75	232.33333333333
3	42732	28	231.33333333333
3	43215	28.25	230
3	44177	28.5	228.66666666667
3	44622	28.75	227.66666666667
3	45526	29	224.66666666667
3	46032	29.25	224
3	46766	29.5	222.66666666667
3	47466	29.75	221
3	48164	30	219.66666666667
3	48907	30.25	217.33333333333
3	49664	30.5	215.33333333333
3	50508	30.75	213.33333333333
3	51232	31	212
3	52184	31.25	210.66666666667
3	52791	31.5	209.33333333333
3	53854	31.75	207.33333333333
3	54459	32	206
3	55532	32.25	204.66666666667
3	56114	32.5	203.33333333333
3	57212	32.75	201.33333333333
3	57735	33	200
3	58820	33.25	198.33333333333
3	59345	33.5	197
3	60364	33.75	195
3	60916	34	193.33333333333
3	61762	34.25	190.66666666667
3	62163	34.5	188.66666666667
3	63179	34.75	186
3	63713	35	183
3	64740	35.25	180.66666666667
3	65312	35.5	178.66666666667
3	66233	35.75	176.33333333333
3	66924	36	174.66666666667
3	67813	36.25	172
3	68528	36.5	169.33333333333
3	69352	36.75	167.33333333333
3	70075	37	165.66666666667
3	70890	37.25	163.66666666667
3	71694	37.5	161.66666666667
3	72511	37.75	160
3	73364	38	157.66666666667
3	74267	38.25	154
3	75093	38.5	152
3	75796	38.75	149
3	76637	39	147.66666666667
3	77334	39.25	145
3	78251	39.5	142.33333333333
3	78956	39.75	139.33333333333
3	79837	40	136.33333333333
3	80267	40.25	133.33333333333
3	81038	40.5	129.33333333333
3	81788	40.75	126.33333333333
3	82285	41	123.33333333333
3	83235	41.25	119.33333333333
3	83728	41.5	115.66666666667
3	84554	41.75	112.66666666667
3	85053	42	109.66666666667
3	85899	42.25	107
3	86351	42.5	103.33333333333
3	87235	42.75	100.66666666667
3	87689	43	98
3	88686	43.25	96.333333333333
3	89140	43.5	94.333333333333
3	90247	43.75	92
3	90663	44	89.333333333333
3	91778	44.25	87
3	92194	44.5	85.333333333333
3	93362	44.75	84
3	93778	45	82.666666666667
3	94813	45.25	81.333333333333
3	95233	45.5	79
3	96445	45.75	76
3	96865	46	74.666666666667
3	98088	46.25	72.666666666667
3	98508	46.5	70.333333333333
3	99530	46.75	68.666666666667
3	100039	47	66.666666666667
3	100645	47.25	65.333333333333
3	101543	47.5	64
3	102395	47.75	62.666666666667
3	103369	48	61.333333333333
3	104320	48.25	59.333333333333
3	105218	48.5	58
3	105936	48.75	57
3	106811	49	56
3	107616	49.25	55.333333333333
3	108273	49.5	54.333333333333
3	108876	49.75	53.666666666667
3	109845	50	52.666666666667
3	110270	50.25	52.333333333333
3	111453	50.5	52
3	111998	50.75	52
3	113165	51	51.666666666667
3	113769	51.25	51.333333333333
3	114969	51.5	51.333333333333
3	115531	51.75	51.333333333333
3	116912	52	51.333333333333
3	117455	52.25	51.666666666667
3	118682	52.5	52
3	119252	52.75	52.666666666667
3	120422	53	53
3	120936	53.25	54
3	122224	53.5	55
3	122750	53.75	55.666666666667
3	123964	54	56.333333333333
3	124525	54.25	57
3	125737	54.5	57.666666666667
3	126301	54.75	58.333333333333
3	127211	55	59.666666666667
3	128220	55.25	61.666666666667
3	128932	55.5	63
3	129998	55.75	65
3	130645	56	67.666666666667
3	131488	56.25	70.333333333333
3	132393	56.5	72.666666666667
3	133189	56.75	75.666666666667
3	134040	57	78.333333333333
3	134756	57.25	80.666666666667
3	135486	57.5	83.666666666667
3	136320	57.75	86.333333333333
3	137091	58	88.666666666667
3	137791	58.25	90.666666666667
3	138645	58.5	92.333333333333
3	139310	58.75	95.333333333333
3	140237	59	98
3	140753	59.25	99.333333333333
3	141663	59.5	101
3	142132	59.75	102.33333333333
3	143401	60	103.66666666667
3	143827	60.25	105.66666666667
3	144974	60.5	107.66666666667
3	145400	60.75	109.33333333333
3	146660	61	112
3	147086	61.25	114.33333333333
3	148353	61.5	116
3	148733	61.75	118.33333333333
3	149927	62	120.33333333333
3	150307	62.25	123.33333333333
3	151485	62.5	126
3	151865	62.75	129
3	153108	63	130.66666666667
3	153488	63.25	132.66666666667
3	154774	63.5	135.66666666667
3	155220	63.75	137.66666666667
3	156157	64	139.66666666667
3	156903	64.25	142
3	157806	64.5	143.33333333333
3	158279	64.75	145.33333333333
3	159486	65	148
3	159972	65.25	149.33333333333
3	161105	65.5	150
3	161574	65.75	151
3	162404	66	152
3	162899	66.25	153
3	163959	66.5	154.33333333333
3	164634	66.75	155.33333333333
3	165739	67	156.33333333333
3	166446	67.25	157.66666666667
3	167453	67.5	158
3	168163	67.75	158.66666666667
3	169025	68	159
3	169735	68.25	159
3	170498	68.5	158.66666666667
3	171031	68.75	157.66666666667
3	171913	69	157
3	172640	69.25	156
3	173490	69.5	155
3	174228	69.75	154.33333333333
3	174993	70	153
3	175820	70.25	151.33333333333
3	176318	70.5	150.33333333333
3	177401	70.75	149
3	177930	71	147.66666666667
3	178865	71.25	145.66666666667
3	179326	71.5	144.33333333333
3	180176	71.75	142
3	180695	72	139.33333333333
3	181572	72.25	137
3	182072	72.5	134
3	183092	72.75	131.33333333333
3	183610	73	128.66666666667
3	184615	73.25	127
3	185067	73.5	125.33333333333
3	186069	73.75	123
3	186554	74	120.33333333333
3	187607	74.25	117
3	188058	74.5	114
3	189031	74.75	111.33333333333
3	189542	75	107.33333333333
3	190481	75.25	104
3	190962	75.5	100.33333333333
3	191685	75.75	96.666666666667
3	192147	76	93.333333333333
3	192860	76.25	91
3	193320	76.5	88.333333333333
3	193990	76.75	85.333333333333
3	194448	77	84
3	194935	77.25	82.666666666667
3	195364	77.5	81.333333333333
3	195821	77.75	80
806	40797	27.373966087533	-13.091442576833
806	42795	28.02018002188	-5.3785413208754
806	44219	28.50607602188	-1.9120152913275
806	45610	29.026300021874	3.8711842136628
806	49799	30.537628021874	12.087977550917
806	51378	31.044372021876	17.271501648747
806	54074	31.810033115651	23.169114743052
806	55759	32.312593115653	26.42153006636
806	57402	32.796017115654	31.475534417565
806	59020	33.299513115654	37.756473949898
806	60623	33.831129115655	45.453769694023
806	63392	34.805425115653	61.567549905763
806	64951	35.300625115652	66.268866305275
806	66823	35.921005457167	72.229450170038
806	68451	36.438221457165	75.641132278074
806	70014	36.944429457166	75.725002331951
806	71617	37.438349457165	80.281346999129
806	73311	37.959213457164	83.824525596156
806	75034	38.447797457162	86.090153546632
806	76558	38.935509457166	88.314400073961
806	78208	39.462069457164	95.330751697015
806	79754	39.932654185445	98.651007336845
806	80921	40.432205457167	102.12250960145
806	83210	41.240406782887	107.7350053942
806	84559	41.751862782884	110.46679977171
806	85876	42.243222782888	112.29852816285
806	87212	42.744374782883	117.89217463001
806	88673	43.247894782886	117.76239688383
806	89761	43.6453574241	119.46350960617
806	91244	44.144269424101	122.44944731346
806	91733	44.227798782887	121.84674706841
806	92772	44.6391494241	122.19287517201
806	93335	44.736886782889	121.1840843471
806	95877	45.6372054241	128.22205075052
806	97506	46.1400854241	131.61879466639
806	102069	47.604555019154	146.2599216212
806	102222	47.648853424101	149.02196875845
806	103961	48.085227019153	150.83440667661
806	104131	48.133709424101	148.56916513017
806	105636	48.576651019154	156.61101194852
806	107300	49.083051019153	167.74095650017
806	109375	49.838195080159	174.32495853456
806	110722	50.334483080159	179.06205934673
806	112459	50.83640308016	184.35995687339
806	114266	51.338003080157	187.50581233374
806	116073	51.839283080158	193.71552622243
806	116378	51.90020918026	191.02915020136
806	118169	52.403857180263	196.12349140162
806	119948	52.89730518026	201.83870743337
806	121675	53.396025180261	205.22123418133
806	123482	53.902297180261	208.81503854267
806	125220	54.39410518026	214.4162628427
806	126784	54.89493718026	208.07971431316
806	128153	55.225641549779	222.12751984287
806	130024	55.756425549779	227.87426477464
806	131431	56.23184954978	230.48157956008
806	133126	56.727881549781	234.46825472304
806	133924	56.941543594697	232.93260389798
806	134738	57.248969549781	237.35690940519
806	136265	57.732169549781	240.97144440909
806	137734	58.228969549778	244.21101129983
806	139287	58.747977549779	247.45023138997
806	141518	59.422087594699	252.28590264631
806	143181	59.928295594698	251.06194464347
806	143364	59.981658821568	257.26814207011
806	144941	60.483898821569	259.19896560765
806	146627	60.983770821565	264.1713950065
806	148344	61.497274821564	269.47089355724
806	149902	61.992986821571	274.21007321789
806	151442	62.471138821567	276.77901085447
806	153073	62.982786821569	282.13548648295
806	154799	63.505058821566	285.90307203439
806	156130	63.989570821569	286.92080253395
806	157815	64.501730821568	293.49541509906
806	159514	65.008386821565	294.7518414186
806	161080	65.493754821563	299.33323912077
806	163680	66.401613375242	304.62143862649
806	165430	66.89738937524	306.92952616491
806	167159	67.399373375237	306.78807281308
806	168833	67.898861375238	312.05083689358
806	170292	68.393293375241	316.58296341816
806	171738	68.900461375239	317.25507246945
806	173334	69.409741375235	321.41117860519
806	174836	69.911661375237	325.98348293347
806	177454	70.761714218727	331.66937337865
806	178874	71.252946218727	335.24055766771
806	182644	72.640965064042	345.97781671661
806	184178	73.15280506404	348.17191279426
806	185620	73.643501064038	357.01690776755
806	187121	74.132173064038	364.1433943077
806	188617	74.643333064042	372.31932297068
806	190047	75.139685064037	378.62784456791
806	191474	75.647813064039	385.41431657032
806	192645	76.147045064039	388.56492084329
806	193799	76.652805064038	392.31248501576
807	40797	27.373966087533	88.131636610117
807	42795	28.02018002188	90.260564648286
807	44219	28.50607602188	96.763853467066
807	45610	29.026300021874	98.007454948004
807	49799	30.537628021874	108.80648242407
807	51378	31.044372021876	111.29655981564
807	54074	31.810033115651	120.606004061
807	55759	32.312593115653	120.20244705804
807	57402	32.796017115654	124.52633774672
807	59020	33.299513115654	128.94530839585
807	60623	33.831129115655	131.15331885163
807	63392	34.805425115653	134.1339058392
807	64951	35.300625115652	129.7044170966
807	66823	35.921005457167	124.89669844252
807	68451	36.438221457165	124.91773257145
807	70014	36.944429457166	126.72821575906
807	71617	37.438349457165	120.82910255832
807	73311	37.959213457164	118.80811503316
807	75034	38.447797457162	114.34122247245
807	76558	38.935509457166	110.85261135192
807	78208	39.462069457164	109.06989632357
807	79754	39.932654185445	107.03826349883
807	80921	40.432205457167	107.56737484041
807	83210	41.240406782887	111.77444931204
807	84559	41.751862782884	108.5472690534
807	85876	42.243222782888	110.78504549639
807	87212	42.744374782883	112.98524312912
807	88673	43.247894782886	112.72892261587
807	89761	43.6453574241	113.96859271139
807	91244	44.144269424101	120.66448778401
807	91733	44.227798782887	121.95497263984
807	92772	44.6391494241	124.36398357507
807	93335	44.736886782889	123.89515560633
807	95877	45.6372054241	133.62401568435
807	97506	46.1400854241	135.08583023475
807	102069	47.604555019154	143.23876119102
807	102222	47.648853424101	140.12886895155
807	103961	48.085227019153	143.4548761741
807	104131	48.133709424101	147.69675904516
807	105636	48.576651019154	145.0685134201
807	107300	49.083051019153	145.59009764539
807	109375	49.838195080159	143.94918454058
807	110722	50.334483080159	144.91813766251
807	112459	50.83640308016	143.34699393784
807	114266	51.338003080157	139.71544371919
807	116073	51.839283080158	133.77220248777
807	116378	51.90020918026	137.42759515119
807	118169	52.403857180263	134.33053968874
807	119948	52.89730518026	132.37251030869
807	121675	53.396025180261	125.99560322481
807	123482	53.902297180261	121.41121190062
807	125220	54.39410518026	119.21899007463
807	126784	54.89493718026	122.58590332604
807	128153	55.225641549779	109.28479174234
807	130024	55.756425549779	105.56525347345
807	131431	56.23184954978	100.95400223401
807	133126	56.727881549781	97.273802792406
807	133924	56.941543594697	93.747709886222
807	134738	57.248969549781	91.560130046388
807	136265	57.732169549781	86.957946657753
807	137734	58.228969549778	80.403868226336
807	139287	58.747977549779	74.622213402007
807	141518	59.422087594699	71.758945168184
807	143181	59.928295594698	68.805406326389
807	143364	59.981658821568	71.505221339984
807	144941	60.483898821569	71.511935069414
807	146627	60.983770821565	71.886689228319
807	148344	61.497274821564	72.283167203916
807	149902	61.992986821571	72.449464648892
807	151442	62.471138821567	76.372563865321
807	153073	62.982786821569	77.080267672849
807	154799	63.505058821566	79.924733439997
807	156130	63.989570821569	80.883341451948
807	157815	64.501730821568	87.851699184464
807	159514	65.008386821565	89.563127884675
807	161080	65.493754821563	94.329839820241
807	163680	66.401613375242	100.95625844177
807	165430	66.89738937524	104.58732369296
807	167159	67.399373375237	106.95068067512
807	168833	67.898861375238	112.01752408142
807	170292	68.393293375241	114.30793085706
807	171738	68.900461375239	121.102879323
807	173334	69.409741375235	127.51539347912
807	174836	69.911661375237	130.02580950032
807	177454	70.761714218727	142.80941744012
807	178874	71.252946218727	144.74845007012
807	182644	72.640965064042	161.78369268517
807	184178	73.15280506404	167.2281105158
807	185620	73.643501064038	172.56003351092
807	187121	74.132173064038	172.46390529131
807	188617	74.643333064042	171.00438245992
807	190047	75.139685064037	174.64255916201
807	191474	75.647813064039	173.21126567693
807	192645	76.147045064039	175.44846527406
807	193799	76.652805064038	175.8783765768
808	34676	24.140788751812	-26.130925365014
808	35355	24.62532475181	-6.6408018391567
808	36201	25.13172475181	0.029397067150711
808	37121	25.630572751809	1.9249713847453
808	38114	26.128972751813	7.8118129529305
808	39227	26.649900751809	11.327448494387
808	41436	27.520652760801	22.661572122942
808	47415	29.723385595904	40.212433392523
808	48866	30.232345595903	46.201996636202
808	50533	30.757433595898	50.097295287689
808	52409	31.314881595889	55.34878484724
808	53822	31.7417935959	56.683586199627
808	55466	32.240153595901	62.109384981797
808	57115	32.729785595902	64.916059310579
808	58638	33.225945595903	67.897126823504
808	60297	33.736505595901	73.081086265807
808	61653	34.221145595901	75.732258649785
808	63053	34.726491847256	79.827189801791
808	64661	35.23161184726	82.303848516861
808	66186	35.725403847259	83.687655755846
808	67772	36.228923847258	85.013933416401
808	69315	36.732675847261	88.17061383225
808	70877	37.248035847259	87.648225201344
808	72488	37.741315847255	89.504596179985
808	74179	38.228923847261	94.3809594159
808	74315	38.26325527505	94.347016971855
808	75801	38.750875847258	92.069778166858
808	77309	39.236987847255	94.594694749437
808	78933	39.74223584726	94.889917782255
808	81631	40.647277424099	95.961220323429
808	82808	41.142669424099	96.516590619721
808	84559	41.751862782884	99.151500251708
808	85876	42.243222782888	105.58702242235
808	90224	43.741942782886	112.68973282286
808	94772	45.231102782889	123.59121138014
808	96422	45.742878782886	126.46363521646
808	98051	46.233174782888	131.79562044567
808	99524	46.749430782887	137.69966037939
808	101205	47.40907069433	142.3160833731
808	102917	47.90727869433	147.47101257398
808	104862	48.409966694333	152.09811826937
808	106459	48.910798694332	153.85358826666
808	108537	49.575042433183	170.35876393135
808	111526	50.521658113642	183.06932616196
808	113361	51.04321534276	188.41553395867
808	115174	51.55569534276	195.55739255306
808	117112	52.06155934276	202.33427498001
808	118854	52.54927134276	207.61811627244
808	120565	53.040823342759	211.56807219508
808	122395	53.55153534276	216.22915734311
808	124186	54.062799342757	221.2513347458
808	125926	54.557423342757	225.16495623014
808	127399	55.058063342762	228.05685303274
808	129125	55.551151342756	233.61991236273
808	132243	56.421447594698	243.17503445605
808	133924	56.941543594697	247.01840966295
808	134738	57.248969549781	250.86955492535
808	135332	57.417351594702	252.28503734833
808	136939	57.917159594701	257.07072963889
808	138607	58.482618821567	262.62703839897
808	140199	58.981146821567	264.12597162648
808	144712	60.416913322159	274.60324878421
808	146445	60.92702532216	279.59930021748
808	148067	61.418193322161	282.72692793673
808	149705	61.930201322163	285.12965313723
808	151268	62.425593322164	287.86769761812
808	152870	62.922649322158	291.17193833756
808	154463	63.406417322161	293.38714665
808	156824	64.210063622015	296.80400025336
808	159372	64.969694880898	302.50039501368
808	160997	65.463486880902	308.92705829138
808	162353	65.962398880901	311.69257788528
808	163916	66.470526880901	316.39660691476
808	164525	66.714199622016	316.31707112786
808	165694	66.965662880899	318.3575174216
808	166333	67.208119622015	325.97246080633
808	167404	67.463294880903	324.26239242291
808	168050	67.708119622015	328.79950711614
808	169628	68.211983622013	338.96778841833
808	172404	69.14083706404	349.09564140868
808	174054	69.650989064038	355.45595409418
808	175685	70.173029064037	360.38871494317
808	176997	70.662765064038	359.683428427
808	180285	71.775538218723	378.49585206179
808	181660	72.269842218723	383.5416265969
808	183200	72.773170218724	384.4069884947
808	184670	73.262674218726	388.71662588429
808	186191	73.780338218722	390.67078950287
808	187661	74.263122218726	388.22750838073
808	189203	74.796338218722	401.53788226029
808	190549	75.264210218726	392.09478016108
809	34676	24.140788751812	242.2389782703
809	35355	24.62532475181	239.34851085191
809	36201	25.13172475181	239.22087795532
809	37121	25.630572751809	238.6402593496
809	38114	26.128972751813	238.01592501898
809	39227	26.649900751809	237.60787682622
809	41436	27.520652760801	233.30608246104
809	47415	29.723385595904	221.41347817495
809	48866	30.232345595903	218.48359987558
809	50533	30.757433595898	213.28832121804
809	52409	31.314881595889	209.27746526955
809	53822	31.7417935959	210.22898227509
809	55466	32.240153595901	206.43416290435
809	57115	32.729785595902	202.91247657272
809	58638	33.225945595903	199.43010984512
809	60297	33.736505595901	196.74656733417
809	61653	34.221145595901	199.75339963604
809	63053	34.726491847256	188.01641458892
809	64661	35.23161184726	182.86256418651
809	66186	35.725403847259	178.06215837124
809	67772	36.228923847258	174.28432490979
809	69315	36.732675847261	169.1946186379
809	70877	37.248035847259	165.67209128682
809	72488	37.741315847255	161.42425273785
809	74179	38.228923847261	155.83587441694
809	74315	38.26325527505	155.39462264435
809	75801	38.750875847258	151.99574110051
809	77309	39.236987847255	144.3971357645
809	78933	39.74223584726	143.93365523475
809	81631	40.647277424099	134.55157041741
809	82808	41.142669424099	126.45459344359
809	84559	41.751862782884	118.13827282523
809	85876	42.243222782888	109.6196377586
809	90224	43.741942782886	94.533672841035
809	94772	45.231102782889	83.567328152858
809	96422	45.742878782886	79.556896379179
809	98051	46.233174782888	74.51284995724
809	99524	46.749430782887	69.576026901924
809	101205	47.40907069433	63.278303405552
809	102917	47.90727869433	64.867021302888
809	104862	48.409966694333	58.820383131536
809	106459	48.910798694332	105.29176666051
809	108537	49.575042433183	20.160817935758
809	111526	50.521658113642	52.455275987538
809	113361	51.04321534276	51.600391972341
809	115174	51.55569534276	50.474734799142
809	117112	52.06155934276	53.010771382204
809	118854	52.54927134276	51.754270328506
809	120565	53.040823342759	52.453038764117
809	122395	53.55153534276	53.861274666823
809	124186	54.062799342757	56.456497111364
809	125926	54.557423342757	57.715249859197
809	127399	55.058063342762	59.518899202599
809	129125	55.551151342756	60.057238982977
809	132243	56.421447594698	70.578337863663
809	133924	56.941543594697	75.369014390983
809	134738	57.248969549781	78.810637180782
809	135332	57.417351594702	79.668014739558
809	136939	57.917159594701	85.584035534585
809	138607	58.482618821567	89.358896126098
809	140199	58.981146821567	96.257964629063
809	144712	60.416913322159	106.59300453757
809	146445	60.92702532216	109.27292737437
809	148067	61.418193322161	113.41151126527
809	149705	61.930201322163	118.26134550796
809	151268	62.425593322164	123.74412615128
809	152870	62.922649322158	129.44189340712
809	154463	63.406417322161	134.40800947613
809	156824	64.210063622015	138.34958235125
809	159372	64.969694880898	145.57602663041
809	160997	65.463486880902	148.96674597679
809	162353	65.962398880901	150.90015236045
809	163916	66.470526880901	152.09130710925
809	164525	66.714199622016	155.57859426496
809	165694	66.965662880899	156.27249810775
809	166333	67.208119622015	155.72873271585
809	167404	67.463294880903	160.14615315504
809	168050	67.708119622015	158.50720342406
809	169628	68.211983622013	160.22639851915
809	172404	69.14083706404	157.80858204946
809	174054	69.650989064038	155.09142277134
809	175685	70.173029064037	153.27094178748
809	176997	70.662765064038	233.34208799577
809	180285	71.775538218723	142.54589487725
809	181660	72.269842218723	138.84294533392
809	183200	72.773170218724	135.0112672522
809	184670	73.262674218726	127.40351932667
809	186191	73.780338218722	125.07384783172
809	187661	74.263122218726	120.0387268665
809	189203	74.796338218722	113.9838377996
809	190549	75.264210218726	107.39035970659
