-5.6 1.8
-5.1 2.1
-4.5 2.3
-4.2 2.5
-3.8 2.9
-3.5 3.1
-3.1 3.3
-2.6 3.6
-2.1 3.9
-1.8 4.0
-1.4 4.2
-0.8 4.6
-0.3 4.8
0.0 5.0
0.5 5.2
1.3 5.6
2.2 6.0
3.0 6.4
4.0 6.6
4.5 6.7
4.8 6.8
5.1 7.0
5.6 7.1
6.3 7.4
6.9 7.6
7.5 8.0
8.1 8.3
8.6 8.5
9.3 8.9
10.1 9.2
11.0 9.6
11.7 9.9
12.5 10.3
13.6 10.6
14.5 10.9
15.0 11.3
15.5 11.4
16.1 11.6
16.5 11.8
17.1 12.0
17.9 12.3
18.5 12.5
19.0 12.7
19.7 13.1
20.0 13.3
20.3 13.4
21.0 13.6
21.8 13.9
22.3 14.1
23.2 14.3
23.8 14.7
24.6 15.1
25.3 15.4
26.0 15.7
26.6 16.1
27.0 16.2
27.4 16.5
28.1 16.8
28.8 17.2
29.2 17.4
30.0 17.7
30.5 17.9
31.3 18.3
32.0 18.6
32.6 18.9
33.3 19.2
33.8 19.5
36.2 20.5
37.7 21.1
38.8 21.5
39.1 21.8
39.8 22.0
40.4 22.2
41.1 22.5
41.7 22.6
42.1 22.7
42.7 23.0
43.4 23.2
43.9 23.4
44.3 23.5
44.8 23.7
45.3 23.8
45.6 24.0
46.0 24.2
46.6 24.4
47.4 24.7
47.9 25.0
48.3 25.2
48.9 25.5
49.4 25.7
50.2 25.9
50.8 26.2
51.5 26.4
51.9 26.7
52.4 26.9
53.0 27.1
53.6 27.4
54.3 27.7
55.3 28.0
56.0 28.4
56.4 28.5
57.1 28.8
57.5 28.9
58.0 29.1
58.5 29.3
59.2 29.5
59.8 29.8
60.5 30.1
60.9 30.2
61.3 30.5
62.0 30.6
62.6 30.9
63.5 31.3
64.3 31.5
65.2 31.9
65.9 32.2
66.5 32.4
67.3 32.6
68.2 32.9
68.8 33.1
69.4 33.5
69.8 33.6
70.3 33.8
70.9 34.0
71.6 34.3
72.4 34.7
72.8 34.8
73.1 35.2
73.6 35.4
74.0 35.5
74.6 35.8
75.3 35.9
75.8 36.1
76.3 36.3
77.0 36.6
77.7 36.9
78.3 37.1
79.0 37.3
79.7 37.5
80.4 37.7
80.9 37.9
81.4 38.0
82.2 38.3
83.2 38.7
84.4 39.1
84.8 39.3
85.5 39.4
86.5 39.6
86.8 39.7
87.9 40.0
88.3 40.2
88.6 40.3
89.0 40.5
89.4 40.7
89.6 40.8
89.9 40.8
90.2 41.0
90.5 41.1
90.9 41.3
91.3 41.6
91.8 41.7
92.2 41.8
92.5 42.0
92.7 42.0
93.1 42.1
93.4 42.4
93.7 42.6
94.2 42.7
94.6 42.9
95.1 43.0
95.6 43.3
96.0 43.5
96.6 43.7
96.9 43.9
97.3 44.2
97.8 44.3
98.3 44.5
98.7 44.6
99.2 44.8
99.6 45.0
100.1 45.2
100.8 45.5
101.3 45.6
101.7 45.8
102.0 46.0
102.6 46.1
103.1 46.3
103.6 46.7
103.9 46.9
104.4 47.1
105.4 47.3
105.9 47.4
106.1 47.6
106.4 47.6
106.6 47.7
106.7 47.9
106.8 48.0
106.9 48.0
107.3 48.1
107.6 48.2
