-4.8 91.7
-4.4 91.2
-4.0 90.9
-3.5 90.6
-3.1 90.3
-2.8 90.0
-2.2 89.5
-1.4 88.9
-0.9 88.6
-0.4 88.3
0.3 87.8
1.0 87.3
1.8 86.8
2.5 86.1
3.5 85.3
4.4 84.7
5.2 84.2
5.8 83.8
6.2 83.6
6.7 83.5
7.2 83.2
7.6 83.0
8.0 82.7
8.5 82.4
8.8 82.2
9.0 82.2
9.2 82.0
9.8 81.7
10.6 81.2
11.1 80.8
11.6 80.5
12.0 80.3
12.3 80.0
12.6 79.8
13.0 79.6
13.5 79.3
13.9 79.2
14.6 78.8
15.2 78.4
15.6 78.3
15.9 78.2
16.3 78.0
17.0 77.5
17.6 77.1
18.1 76.7
18.4 76.4
19.0 76.2
19.6 75.8
20.1 75.5
20.5 75.3
21.0 75.1
21.6 74.9
22.3 74.6
22.8 74.2
23.3 74.0
23.8 73.9
24.2 73.7
24.7 73.5
25.2 73.2
25.8 72.9
26.2 72.5
26.5 72.3
27.1 72.1
27.6 71.9
28.0 71.6
28.4 71.4
29.1 70.8
29.7 70.5
30.0 70.4
30.3 70.3
30.8 70.0
31.3 69.8
31.8 69.5
32.4 69.1
33.2 68.7
33.4 68.4
33.9 68.2
34.4 67.9
34.9 67.7
35.3 67.3
35.9 67.1
36.5 66.9
37.1 66.6
37.5 66.5
37.8 66.4
38.2 66.2
38.6 66.0
39.2 65.6
39.9 65.3
40.4 65.0
41.0 64.8
41.5 64.5
41.9 64.3
42.4 64.0
42.8 63.8
43.2 63.5
43.8 63.3
44.5 63.0
45.5 62.6
46.3 62.2
46.8 62.0
47.3 61.7
47.9 61.5
48.3 61.3
48.6 61.0
49.3 60.8
49.8 60.4
50.4 60.1
51.0 59.8
51.5 59.5
52.1 59.3
52.7 59.1
53.3 58.6
53.8 58.3
54.6 58.0
55.1 57.8
55.6 57.6
56.2 57.5
56.7 57.2
57.2 56.9
57.9 56.6
58.5 56.3
59.1 56.1
60.0 55.5
60.6 55.3
61.4 54.9
62.0 54.7
62.4 54.4
63.0 54.3
63.4 54.1
63.8 53.8
64.6 53.5
65.3 53.1
66.2 52.7
66.9 52.1
67.9 51.7
68.9 51.1
69.9 50.7
70.6 50.2
71.5 49.8
72.0 49.5
72.4 49.3
72.8 49.2
73.1 49.0
74.1 48.6
75.0 48.1
75.8 47.8
76.3 47.5
76.8 47.1
77.3 46.8
78.0 46.4
78.8 46.0
79.8 45.2
80.5 44.9
80.8 44.8
81.3 44.4
81.8 44.3
82.3 44.0
82.8 43.7
83.3 43.5
84.0 43.3
84.6 43.0
85.3 42.7
86.1 42.3
86.9 41.9
87.8 41.4
88.5 41.0
89.3 40.6
89.9 40.3
90.7 40.0
91.5 39.7
92.2 39.2
93.1 38.7
93.7 38.4
94.4 37.9
95.2 37.4
95.9 36.8
96.8 36.3
98.1 35.5
98.6 35.2
99.0 34.8
99.7 34.6
100.0 34.3
100.9 33.8
101.8 33.3
102.3 33.0
103.1 32.5
103.8 32.1
104.6 31.5
105.1 31.1
105.5 30.8
106.3 30.5
107.0 29.9
107.4 29.5
108.2 29.2
108.5 29.0
108.6 28.9
