196.66666666666666 -28.333333333333332
196.33333333333334 -27.666666666666668
196.0 -25.666666666666668
195.33333333333334 -24.0
195.0 -22.666666666666668
195.0 -22.0
194.66666666666666 -21.333333333333332
194.66666666666666 -20.666666666666668
194.33333333333334 -20.333333333333332
194.33333333333334 -19.333333333333332
194.0 -18.666666666666668
193.66666666666666 -17.333333333333332
193.66666666666666 -16.333333333333332
193.0 -15.0
192.66666666666666 -14.0
192.66666666666666 -13.333333333333334
192.0 -12.666666666666666
192.0 -11.666666666666666
191.66666666666666 -10.666666666666666
191.0 -9.666666666666666
190.66666666666666 -9.0
190.66666666666666 -8.333333333333334
190.0 -7.333333333333333
189.33333333333334 -5.666666666666667
189.0 -5.333333333333333
188.33333333333334 -3.6666666666666665
187.66666666666666 -2.6666666666666665
187.33333333333334 -1.6666666666666667
187.0 -1.0
186.66666666666666 0.0
186.0 0.6666666666666666
185.33333333333334 2.0
184.66666666666666 2.6666666666666665
184.33333333333334 3.3333333333333335
184.0 4.0
183.0 5.333333333333333
182.33333333333334 6.333333333333333
181.66666666666666 7.666666666666667
180.66666666666666 9.0
179.66666666666666 10.0
178.66666666666666 11.0
178.33333333333334 12.666666666666666
177.33333333333334 13.666666666666666
176.66666666666666 14.666666666666666
175.66666666666666 15.333333333333334
174.66666666666666 16.333333333333332
173.33333333333334 17.333333333333332
173.0 18.333333333333332
172.0 19.666666666666668
171.33333333333334 21.0
170.66666666666666 22.333333333333332
169.33333333333334 24.666666666666668
167.66666666666666 26.333333333333332
167.0 27.666666666666668
166.0 28.666666666666668
165.33333333333334 31.0
165.0 32.333333333333336
164.66666666666666 33.666666666666664
164.66666666666666 35.333333333333336
164.66666666666666 37.0
164.66666666666666 38.666666666666664
164.66666666666666 40.0
164.66666666666666 42.0
164.66666666666666 43.333333333333336
164.66666666666666 44.666666666666664
164.66666666666666 45.666666666666664
164.66666666666666 47.333333333333336
165.0 48.333333333333336
165.33333333333334 49.333333333333336
166.0 50.666666666666664
166.66666666666666 51.333333333333336
167.33333333333334 53.0
168.33333333333334 53.666666666666664
168.66666666666666 55.0
169.66666666666666 56.0
170.33333333333334 56.666666666666664
171.0 57.333333333333336
171.33333333333334 58.0
171.66666666666666 58.666666666666664
172.66666666666666 60.0
174.0 61.0
175.0 62.0
176.0 62.666666666666664
176.66666666666666 64.0
178.0 65.0
179.66666666666666 65.66666666666667
180.66666666666666 66.33333333333333
182.33333333333334 67.0
184.66666666666666 67.66666666666667
187.66666666666666 69.33333333333333
191.0 69.66666666666667
192.66666666666666 70.33333333333333
194.66666666666666 71.33333333333333
197.33333333333334 72.0
199.0 72.66666666666667
201.33333333333334 73.0
203.66666666666666 74.0
206.0 75.0
208.66666666666666 75.66666666666667
210.66666666666666 76.33333333333333
212.33333333333334 77.0
214.33333333333334 78.0
216.0 78.33333333333333
218.33333333333334 79.66666666666667
220.33333333333334 81.0
222.0 81.66666666666667
223.0 83.0
224.33333333333334 84.0
225.0 84.66666666666667
225.66666666666666 85.33333333333333
226.66666666666666 86.33333333333333
227.66666666666666 87.33333333333333
228.33333333333334 88.0
229.0 88.66666666666667
230.0 90.0
231.0 90.33333333333333
231.33333333333334 91.33333333333333
232.0 92.33333333333333
232.66666666666666 93.33333333333333
233.33333333333334 94.0
233.33333333333334 95.0
233.66666666666666 95.33333333333333
234.33333333333334 96.0
234.66666666666666 98.0
235.0 98.66666666666667
235.0 99.33333333333333
235.33333333333334 100.33333333333333
235.66666666666666 101.66666666666667
236.33333333333334 103.33333333333333
236.33333333333334 104.66666666666667
236.66666666666666 106.0
236.66666666666666 107.33333333333333
236.66666666666666 109.0
236.66666666666666 110.33333333333333
236.66666666666666 111.66666666666667
236.66666666666666 113.66666666666667
236.33333333333334 115.33333333333333
236.0 116.33333333333333
235.33333333333334 117.33333333333333
234.66666666666666 118.33333333333333
233.66666666666666 120.33333333333333
233.33333333333334 121.33333333333333
232.66666666666666 122.0
232.0 122.66666666666667
231.66666666666666 123.33333333333333
230.33333333333334 124.33333333333333
230.0 125.0
229.33333333333334 124.0
229.0 124.33333333333333
228.0 125.0
227.33333333333334 126.66666666666667
226.66666666666666 127.33333333333333
225.66666666666666 128.0
224.33333333333334 128.66666666666666
223.33333333333334 129.33333333333334
222.66666666666666 129.66666666666666
221.66666666666666 130.33333333333334
221.0 130.33333333333334
220.33333333333334 131.66666666666666
218.66666666666666 132.33333333333334
217.33333333333334 133.0
215.33333333333334 133.33333333333334
213.33333333333334 134.0
212.0 135.0
210.33333333333334 135.33333333333334
209.33333333333334 135.66666666666666
207.66666666666666 136.0
206.33333333333334 136.33333333333334
205.0 136.66666666666666
203.66666666666666 137.33333333333334
202.0 137.66666666666666
200.33333333333334 138.0
198.33333333333334 138.66666666666666
196.0 138.66666666666666
194.0 139.0
192.66666666666666 139.33333333333334
191.0 139.33333333333334
190.0 139.66666666666666
188.33333333333334 140.0
187.0 140.33333333333334
185.33333333333334 140.33333333333334
183.66666666666666 140.66666666666666
182.0 140.66666666666666
181.0 140.66666666666666
179.66666666666666 140.66666666666666
178.33333333333334 140.66666666666666
176.66666666666666 140.66666666666666
175.33333333333334 140.66666666666666
173.33333333333334 141.0
171.66666666666666 141.0
170.0 141.66666666666666
168.33333333333334 141.66666666666666
166.33333333333334 142.0
165.0 142.0
162.33333333333334 143.0
160.0 143.33333333333334
158.66666666666666 143.66666666666666
157.0 144.0
155.33333333333334 144.0
153.66666666666666 144.33333333333334
151.0 144.66666666666666
149.66666666666666 145.33333333333334
148.0 145.33333333333334
145.66666666666666 145.66666666666666
144.0 145.66666666666666
142.66666666666666 146.0
141.33333333333334 146.33333333333334
139.0 147.0
137.0 147.33333333333334
135.0 148.0
132.66666666666666 149.0
130.66666666666666 149.33333333333334
128.66666666666666 149.66666666666666
126.66666666666667 150.0
125.66666666666667 150.33333333333334
125.33333333333333 150.33333333333334
124.66666666666667 150.66666666666666
121.0 153.0
119.0 153.0
118.0 153.66666666666666
117.33333333333333 154.0
116.33333333333333 154.33333333333334
115.33333333333333 154.66666666666666
114.0 155.33333333333334
113.33333333333333 156.0
112.0 156.33333333333334
110.66666666666667 158.0
110.0 158.33333333333334
109.33333333333333 159.33333333333334
107.66666666666667 160.66666666666666
107.0 161.66666666666666
106.0 162.33333333333334
105.66666666666667 163.66666666666666
104.66666666666667 165.0
103.66666666666667 166.66666666666666
102.33333333333333 167.33333333333334
101.33333333333333 168.66666666666666
100.0 171.66666666666666
99.66666666666667 172.66666666666666
99.66666666666667 173.33333333333334
99.0 174.33333333333334
99.0 175.66666666666666
99.0 176.33333333333334
98.33333333333333 177.66666666666666
98.33333333333333 179.0
98.33333333333333 179.66666666666666
98.0 181.66666666666666
98.0 183.0
97.33333333333333 183.66666666666666
97.33333333333333 185.0
97.33333333333333 186.33333333333334
97.33333333333333 187.66666666666666
97.66666666666667 188.33333333333334
98.0 189.0
98.33333333333333 189.66666666666666
98.33333333333333 191.33333333333334
99.0 192.66666666666666
99.66666666666667 193.66666666666666
100.0 195.0
100.66666666666667 196.0
101.0 196.66666666666666
102.33333333333333 199.0
103.33333333333333 200.33333333333334
104.33333333333333 201.33333333333334
105.33333333333333 202.33333333333334
106.33333333333333 203.66666666666666
107.33333333333333 204.66666666666666
108.66666666666667 205.66666666666666
110.33333333333333 206.66666666666666
112.33333333333333 208.0
115.33333333333333 209.33333333333334
118.33333333333333 210.66666666666666
121.33333333333333 211.33333333333334
123.33333333333333 212.0
126.0 213.0
128.33333333333334 213.33333333333334
131.33333333333334 213.66666666666666
133.33333333333334 214.66666666666666
135.0 214.66666666666666
137.33333333333334 214.66666666666666
139.66666666666666 214.66666666666666
142.0 214.66666666666666
144.33333333333334 214.66666666666666
146.33333333333334 214.66666666666666
148.33333333333334 214.66666666666666
150.33333333333334 214.66666666666666
152.0 214.66666666666666
154.66666666666666 214.66666666666666
156.66666666666666 214.66666666666666
159.0 215.0
161.66666666666666 215.0
164.0 215.0
166.33333333333334 215.0
168.66666666666666 215.0
171.0 215.0
173.66666666666666 214.66666666666666
176.0 214.66666666666666
179.33333333333334 214.66666666666666
182.66666666666666 214.33333333333334
184.66666666666666 214.0
187.0 214.0
189.0 214.0
191.0 214.0
192.66666666666666 213.66666666666666
194.33333333333334 213.66666666666666
195.66666666666666 213.0
198.66666666666666 213.0
201.0 213.0
203.66666666666666 212.66666666666666
206.66666666666666 212.66666666666666
209.33333333333334 212.66666666666666
211.66666666666666 212.0
214.0 212.0
217.0 211.66666666666666
219.0 211.66666666666666
220.66666666666666 211.66666666666666
223.0 211.33333333333334
225.33333333333334 211.33333333333334
227.66666666666666 211.33333333333334
230.33333333333334 211.0
232.33333333333334 211.0
234.66666666666666 211.0
236.66666666666666 210.66666666666666
238.33333333333334 210.66666666666666
240.66666666666666 210.33333333333334
242.33333333333334 210.33333333333334
243.66666666666666 210.33333333333334
245.33333333333334 210.33333333333334
247.0 210.33333333333334
248.66666666666666 210.33333333333334
251.0 210.33333333333334
252.66666666666666 210.33333333333334
254.33333333333334 210.33333333333334
256.3333333333333 210.33333333333334
258.0 210.33333333333334
259.6666666666667 210.33333333333334
260.0 210.33333333333334
263.6666666666667 210.33333333333334
265.3333333333333 210.33333333333334
267.3333333333333 211.0
268.6666666666667 211.0
270.0 211.66666666666666
270.3333333333333 211.66666666666666
271.0 211.66666666666666
272.0 211.66666666666666
273.0 212.0
274.0 212.0
275.6666666666667 212.0
276.6666666666667 212.0
277.6666666666667 212.33333333333334
279.3333333333333 212.33333333333334
281.6666666666667 212.66666666666666
283.3333333333333 212.66666666666666
285.0 213.0
287.0 213.33333333333334
288.3333333333333 213.66666666666666
290.3333333333333 213.66666666666666
292.0 214.0
294.0 214.33333333333334
295.0 214.66666666666666
296.6666666666667 215.0
298.6666666666667 215.66666666666666
300.0 215.66666666666666
301.6666666666667 215.66666666666666
302.6666666666667 216.0
304.3333333333333 216.33333333333334
305.6666666666667 216.33333333333334
307.3333333333333 216.33333333333334
309.6666666666667 216.66666666666666
311.3333333333333 217.0
312.3333333333333 217.33333333333334
313.6666666666667 217.33333333333334
314.3333333333333 217.66666666666666
315.6666666666667 218.0
317.3333333333333 218.0
318.6666666666667 218.66666666666666
319.6666666666667 219.0
321.0 219.33333333333334
322.0 219.66666666666666
324.0 220.66666666666666
325.0 220.66666666666666
326.0 221.33333333333334
327.6666666666667 221.66666666666666
329.0 222.33333333333334
330.3333333333333 222.66666666666666
332.3333333333333 223.0
334.0 223.33333333333334
335.0 224.0
335.6666666666667 224.33333333333334
336.3333333333333 224.33333333333334
337.0 224.66666666666666
338.0 225.0
338.6666666666667 225.66666666666666
339.3333333333333 226.0
340.0 227.0
341.0 227.33333333333334
341.6666666666667 228.0
342.0 228.33333333333334
342.6666666666667 229.0
344.0 229.66666666666666
344.6666666666667 230.66666666666666
345.3333333333333 231.33333333333334
346.0 232.0
346.6666666666667 233.33333333333334
347.0 234.0
347.6666666666667 235.0
348.0 236.33333333333334
348.3333333333333 237.0
349.3333333333333 238.33333333333334
349.6666666666667 239.66666666666666
350.3333333333333 240.66666666666666
351.3333333333333 242.33333333333334
351.3333333333333 244.0
351.6666666666667 245.33333333333334
352.0 246.0
352.3333333333333 247.66666666666666
352.6666666666667 249.66666666666666
353.0 251.33333333333334
353.0 252.66666666666666
353.3333333333333 253.66666666666666
353.3333333333333 254.33333333333334
353.3333333333333 255.66666666666666
353.3333333333333 256.6666666666667
353.3333333333333 258.0
353.3333333333333 259.0
353.3333333333333 260.3333333333333
353.0 262.0
352.6666666666667 263.3333333333333
352.0 265.0
351.6666666666667 266.0
351.3333333333333 267.0
351.0 268.3333333333333
350.0 269.0
349.0 270.0
348.0 270.6666666666667
347.3333333333333 271.6666666666667
346.3333333333333 272.6666666666667
345.3333333333333 273.6666666666667
343.6666666666667 274.0
342.6666666666667 274.3333333333333
342.0 274.6666666666667
341.3333333333333 275.0
340.6666666666667 275.0
340.3333333333333 275.0
339.3333333333333 275.3333333333333
337.6666666666667 275.6666666666667
336.6666666666667 275.6666666666667
334.6666666666667 276.0
333.6666666666667 276.3333333333333
331.6666666666667 276.3333333333333
330.6666666666667 276.3333333333333
329.0 276.3333333333333
327.3333333333333 276.3333333333333
325.6666666666667 276.3333333333333
324.6666666666667 276.3333333333333
323.3333333333333 276.3333333333333
322.6666666666667 276.3333333333333
320.6666666666667 276.3333333333333
319.3333333333333 276.0
318.0 275.6666666666667
316.0 275.3333333333333
313.6666666666667 275.0
312.3333333333333 274.6666666666667
311.6666666666667 274.3333333333333
310.6666666666667 274.3333333333333
309.3333333333333 273.6666666666667
308.3333333333333 273.3333333333333
307.3333333333333 273.0
306.3333333333333 272.0
305.3333333333333 271.6666666666667
303.6666666666667 271.3333333333333
302.6666666666667 270.6666666666667
301.6666666666667 270.0
300.3333333333333 269.3333333333333
299.3333333333333 268.6666666666667
298.0 268.0
297.6666666666667 267.6666666666667
297.3333333333333 267.3333333333333
296.6666666666667 266.6666666666667
296.0 266.0
295.0 265.0
294.0 264.6666666666667
292.6666666666667 263.6666666666667
291.0 263.0
289.6666666666667 262.0
288.6666666666667 261.0
287.0 260.3333333333333
285.6666666666667 259.6666666666667
284.6666666666667 258.6666666666667
283.3333333333333 257.6666666666667
282.0 257.0
280.0 255.33333333333334
278.0 254.0
275.3333333333333 252.66666666666666
274.0 251.66666666666666
272.3333333333333 250.66666666666666
271.0 249.66666666666666
269.3333333333333 248.66666666666666
268.3333333333333 248.0
267.0 247.66666666666666
265.6666666666667 247.0
264.3333333333333 246.66666666666666
262.6666666666667 246.33333333333334
261.0 245.66666666666666
259.6666666666667 245.66666666666666
258.0 245.33333333333334
256.0 245.33333333333334
254.66666666666666 245.33333333333334
253.0 245.33333333333334
251.66666666666666 245.0
251.0 245.0
250.33333333333334 245.0
249.33333333333334 245.0
248.33333333333334 245.0
246.66666666666666 245.33333333333334
245.33333333333334 245.66666666666666
244.0 246.33333333333334
243.0 246.33333333333334
241.33333333333334 247.33333333333334
240.33333333333334 247.66666666666666
239.66666666666666 248.0
238.66666666666666 248.66666666666666
237.33333333333334 250.0
235.33333333333334 251.33333333333334
234.33333333333334 252.66666666666666
233.33333333333334 253.66666666666666
232.0 255.33333333333334
230.0 256.3333333333333
229.0 257.3333333333333
228.0 258.0
226.66666666666666 259.3333333333333
225.33333333333334 260.0
224.0 261.3333333333333
222.66666666666666 262.0
222.0 262.6666666666667
221.0 263.3333333333333
219.0 264.0
217.66666666666666 265.3333333333333
217.0 266.0
216.33333333333334 266.6666666666667
216.0 267.0
214.0 268.3333333333333
212.0 269.3333333333333
211.0 270.0
210.0 270.6666666666667
208.66666666666666 271.3333333333333
206.66666666666666 272.3333333333333
205.33333333333334 273.0
204.0 273.3333333333333
202.66666666666666 274.0
201.33333333333334 274.0
200.33333333333334 274.6666666666667
199.0 274.6666666666667
197.33333333333334 275.3333333333333
195.0 275.6666666666667
194.0 276.0
192.0 276.3333333333333
190.0 276.3333333333333
188.33333333333334 276.3333333333333
186.66666666666666 276.3333333333333
184.66666666666666 276.3333333333333
183.0 276.3333333333333
181.33333333333334 276.3333333333333
178.0 276.3333333333333
176.33333333333334 275.6666666666667
175.33333333333334 275.3333333333333
173.33333333333334 275.3333333333333
172.0 275.0
171.0 274.6666666666667
169.66666666666666 274.0
167.66666666666666 273.6666666666667
166.33333333333334 272.3333333333333
165.0 271.6666666666667
163.66666666666666 271.3333333333333
162.0 270.3333333333333
160.66666666666666 270.0
159.66666666666666 269.6666666666667
158.33333333333334 268.6666666666667
157.33333333333334 268.0
155.66666666666666 266.6666666666667
154.0 266.3333333333333
153.0 265.0
151.0 264.6666666666667
149.66666666666666 263.3333333333333
148.66666666666666 262.6666666666667
147.33333333333334 261.6666666666667
145.33333333333334 260.0
143.0 258.6666666666667
140.66666666666666 257.6666666666667
139.0 256.3333333333333
137.0 255.33333333333334
135.33333333333334 254.33333333333334
133.66666666666666 254.0
133.0 253.33333333333334
132.33333333333334 253.33333333333334
132.0 253.33333333333334
127.66666666666667 253.66666666666666
124.66666666666667 254.0
122.66666666666667 254.33333333333334
120.33333333333333 255.0
119.0 255.33333333333334
117.33333333333333 255.66666666666666
115.33333333333333 256.3333333333333
113.66666666666667 257.0
112.33333333333333 257.3333333333333
111.33333333333333 257.6666666666667
109.66666666666667 258.3333333333333
108.33333333333333 259.6666666666667
107.0 260.3333333333333
105.66666666666667 260.6666666666667
104.66666666666667 261.0
103.33333333333333 261.3333333333333
102.0 262.0
100.0 263.3333333333333
98.33333333333333 263.6666666666667
96.33333333333333 264.0
95.0 264.3333333333333
93.66666666666667 265.0
92.0 265.3333333333333
90.66666666666667 265.6666666666667
89.66666666666667 265.6666666666667
87.66666666666667 266.0
85.33333333333333 266.3333333333333
82.66666666666667 266.3333333333333
80.33333333333333 266.3333333333333
78.66666666666667 266.3333333333333
77.0 266.3333333333333
75.66666666666667 266.3333333333333
74.0 266.3333333333333
73.0 266.3333333333333
71.66666666666667 266.3333333333333
70.33333333333333 266.0
68.66666666666667 265.6666666666667
67.66666666666667 265.0
66.33333333333333 264.6666666666667
65.33333333333333 264.3333333333333
63.666666666666664 263.6666666666667
62.666666666666664 263.0
61.333333333333336 262.0
60.0 261.3333333333333
58.666666666666664 260.6666666666667
57.0 259.3333333333333
55.666666666666664 258.3333333333333
54.666666666666664 257.6666666666667
54.0 257.0
52.333333333333336 256.0
51.666666666666664 255.33333333333334
50.666666666666664 254.33333333333334
49.666666666666664 252.66666666666666
49.0 251.33333333333334
48.666666666666664 250.33333333333334
47.666666666666664 249.33333333333334
46.666666666666664 248.0
46.0 246.66666666666666
45.333333333333336 245.66666666666666
44.666666666666664 244.66666666666666
44.0 243.66666666666666
43.666666666666664 242.0
43.333333333333336 241.0
42.666666666666664 239.66666666666666
42.333333333333336 238.0
42.0 236.0
41.666666666666664 234.33333333333334
41.666666666666664 232.33333333333334
41.0 230.0
41.0 228.66666666666666
40.666666666666664 227.33333333333334
40.333333333333336 225.33333333333334
40.333333333333336 223.66666666666666
40.0 222.0
40.0 220.33333333333334
40.0 218.33333333333334
40.0 216.33333333333334
40.0 214.66666666666666
40.0 213.0
40.0 211.66666666666666
40.0 210.33333333333334
40.0 208.33333333333334
40.0 207.33333333333334
40.0 205.66666666666666
40.0 204.0
40.0 202.0
40.0 200.0
40.0 198.33333333333334
40.0 196.0
41.0 194.66666666666666
41.0 193.66666666666666
41.333333333333336 191.0
41.666666666666664 189.33333333333334
42.0 187.0
42.0 184.66666666666666
42.666666666666664 182.66666666666666
43.0 180.66666666666666
43.333333333333336 178.33333333333334
43.333333333333336 176.66666666666666
43.666666666666664 175.66666666666666
44.333333333333336 172.33333333333334
44.333333333333336 170.66666666666666
44.666666666666664 169.66666666666666
45.0 168.66666666666666
45.333333333333336 167.33333333333334
45.333333333333336 166.33333333333334
46.0 164.66666666666666
46.333333333333336 163.66666666666666
46.666666666666664 162.0
47.333333333333336 160.66666666666666
47.666666666666664 159.33333333333334
48.0 158.33333333333334
48.333333333333336 157.33333333333334
48.666666666666664 156.33333333333334
49.333333333333336 155.33333333333334
50.333333333333336 154.33333333333334
50.666666666666664 153.0
51.333333333333336 152.0
52.333333333333336 151.0
52.666666666666664 150.33333333333334
53.0 149.33333333333334
54.0 148.0
55.0 146.33333333333334
56.333333333333336 144.66666666666666
57.666666666666664 143.66666666666666
58.666666666666664 143.0
59.666666666666664 142.0
61.666666666666664 141.0
63.666666666666664 140.0
65.0 139.66666666666666
67.33333333333333 139.0
69.0 138.66666666666666
70.66666666666667 138.33333333333334
73.0 137.66666666666666
75.66666666666667 136.66666666666666
77.66666666666667 136.33333333333334
80.0 136.0
81.33333333333333 135.66666666666666
83.0 135.33333333333334
85.0 135.33333333333334
87.33333333333333 134.33333333333334
90.33333333333333 133.66666666666666
92.33333333333333 133.0
93.66666666666667 132.33333333333334
94.33333333333333 131.0
95.66666666666667 129.66666666666666
97.0 128.33333333333334
98.33333333333333 126.0
99.0 124.33333333333333
99.0 123.0
99.33333333333333 122.0
99.33333333333333 121.0
99.66666666666667 120.33333333333333
99.66666666666667 119.66666666666667
99.66666666666667 119.0
99.66666666666667 117.66666666666667
100.0 116.33333333333333
100.0 115.0
100.0 113.33333333333333
100.0 112.0
100.0 110.33333333333333
100.0 109.0
100.0 107.0
100.0 106.0
100.0 105.0
99.66666666666667 103.33333333333333
99.0 101.66666666666667
98.66666666666667 100.0
98.0 98.33333333333333
97.66666666666667 97.0
96.33333333333333 95.66666666666667
95.0 94.33333333333333
94.0 93.33333333333333
93.0 92.0
91.66666666666667 90.33333333333333
90.0 89.33333333333333
89.0 88.66666666666667
87.66666666666667 87.66666666666667
86.66666666666667 87.0
85.33333333333333 85.66666666666667
83.0 84.66666666666667
80.66666666666667 83.33333333333333
79.33333333333333 82.66666666666667
77.0 81.66666666666667
75.0 80.0
73.0 79.0
71.66666666666667 77.33333333333333
70.33333333333333 76.33333333333333
69.0 75.33333333333333
67.33333333333333 73.66666666666667
66.33333333333333 73.33333333333333
66.0 72.66666666666667
65.66666666666667 72.0
65.33333333333333 71.66666666666667
65.33333333333333 70.66666666666667
64.66666666666667 70.0
64.66666666666667 68.66666666666667
64.66666666666667 67.66666666666667
64.33333333333333 66.66666666666667
64.33333333333333 66.0
64.33333333333333 64.66666666666667
64.33333333333333 63.666666666666664
64.33333333333333 62.0
64.33333333333333 61.333333333333336
64.33333333333333 60.333333333333336
64.33333333333333 59.666666666666664
64.66666666666667 58.666666666666664
65.33333333333333 58.0
65.66666666666667 57.0
66.0 56.0
66.66666666666667 55.333333333333336
68.33333333333333 54.0
69.66666666666667 53.333333333333336
71.33333333333333 51.666666666666664
72.0 51.333333333333336
73.66666666666667 50.333333333333336
75.33333333333333 49.333333333333336
77.0 48.666666666666664
78.66666666666667 48.0
80.0 47.333333333333336
81.66666666666667 47.0
83.0 46.0
85.0 45.333333333333336
87.0 45.0
89.0 44.333333333333336
91.33333333333333 44.0
94.33333333333333 43.666666666666664
97.0 43.333333333333336
99.66666666666667 43.333333333333336
101.33333333333333 43.333333333333336
102.0 43.333333333333336
105.66666666666667 43.666666666666664
107.0 43.666666666666664
109.33333333333333 43.666666666666664
110.33333333333333 43.666666666666664
111.66666666666667 43.666666666666664
113.0 44.0
115.0 44.666666666666664
116.33333333333333 45.333333333333336
118.66666666666667 47.0
120.0 47.333333333333336
121.33333333333333 48.0
122.0 48.0
122.66666666666667 48.666666666666664
123.0 49.333333333333336
123.66666666666667 49.666666666666664
124.0 50.333333333333336
125.0 50.666666666666664
126.33333333333333 52.0
127.66666666666667 53.333333333333336
129.0 54.0
129.66666666666666 54.666666666666664
130.66666666666666 55.333333333333336
131.33333333333334 56.0
133.0 57.666666666666664
134.33333333333334 58.333333333333336
135.0 59.0
136.33333333333334 60.0
138.33333333333334 61.0
140.0 61.666666666666664
142.0 62.333333333333336
144.33333333333334 63.333333333333336
145.66666666666666 64.0
147.33333333333334 64.33333333333333
149.0 64.66666666666667
150.33333333333334 64.66666666666667
151.33333333333334 64.66666666666667
152.66666666666666 64.66666666666667
154.66666666666666 64.66666666666667
156.33333333333334 64.66666666666667
158.0 64.66666666666667
160.33333333333334 64.66666666666667
162.33333333333334 64.66666666666667
164.66666666666666 64.66666666666667
167.33333333333334 64.66666666666667
169.66666666666666 64.66666666666667
172.0 64.33333333333333
174.0 64.33333333333333
176.66666666666666 64.0
179.0 63.333333333333336
181.0 63.333333333333336
183.0 63.0
184.66666666666666 62.666666666666664
186.66666666666666 62.666666666666664
187.66666666666666 62.333333333333336
189.66666666666666 62.333333333333336
191.0 62.0
192.33333333333334 61.333333333333336
193.66666666666666 61.0
195.0 60.666666666666664
196.0 60.333333333333336
198.0 59.0
200.66666666666666 58.333333333333336
202.33333333333334 57.666666666666664
204.33333333333334 57.0
206.33333333333334 56.666666666666664
207.66666666666666 56.0
209.0 55.666666666666664
210.66666666666666 54.666666666666664
212.66666666666666 54.333333333333336
214.0 54.0
216.0 53.333333333333336
218.33333333333334 53.0
220.0 52.666666666666664
221.33333333333334 52.0
223.33333333333334 51.0
225.33333333333334 50.666666666666664
227.0 50.333333333333336
228.66666666666666 50.0
229.66666666666666 49.666666666666664
230.33333333333334 49.0
231.0 49.0
231.66666666666666 48.666666666666664
232.33333333333334 48.333333333333336
234.0 48.0
235.66666666666666 47.333333333333336
237.33333333333334 47.333333333333336
238.33333333333334 47.0
239.66666666666666 47.0
240.66666666666666 46.333333333333336
242.0 46.333333333333336
243.0 46.333333333333336
244.33333333333334 46.333333333333336
246.0 46.333333333333336
247.33333333333334 46.333333333333336
248.66666666666666 46.333333333333336
251.33333333333334 46.333333333333336
252.33333333333334 46.666666666666664
253.66666666666666 47.0
255.0 47.333333333333336
256.0 48.0
257.3333333333333 48.666666666666664
258.6666666666667 49.0
260.0 51.333333333333336
260.0 52.0
260.3333333333333 53.0
260.6666666666667 53.333333333333336
261.0 54.0
261.0 54.666666666666664
261.6666666666667 55.333333333333336
261.6666666666667 56.666666666666664
262.0 57.666666666666664
262.6666666666667 58.0
263.0 59.0
263.3333333333333 60.333333333333336
264.0 62.0
265.3333333333333 63.0
265.6666666666667 64.33333333333333
266.3333333333333 65.33333333333333
266.6666666666667 67.0
267.0 69.0
267.3333333333333 70.0
268.0 71.0
268.6666666666667 72.33333333333333
269.0 73.66666666666667
269.6666666666667 74.66666666666667
270.6666666666667 76.0
271.3333333333333 76.66666666666667
272.0 78.0
273.0 80.0
274.0 81.0
274.6666666666667 81.33333333333333
276.0 82.66666666666667
276.6666666666667 83.66666666666667
277.6666666666667 85.0
278.6666666666667 85.66666666666667
279.6666666666667 86.33333333333333
280.6666666666667 87.33333333333333
282.6666666666667 88.33333333333333
284.3333333333333 89.0
286.3333333333333 90.33333333333333
288.3333333333333 90.66666666666667
290.0 91.33333333333333
292.0 91.66666666666667
294.3333333333333 92.0
296.3333333333333 92.33333333333333
298.6666666666667 92.66666666666667
300.6666666666667 92.66666666666667
302.6666666666667 92.66666666666667
304.6666666666667 92.66666666666667
306.6666666666667 92.66666666666667
308.6666666666667 92.66666666666667
310.6666666666667 92.0
312.6666666666667 91.66666666666667
315.0 91.0
317.3333333333333 90.0
319.0 89.66666666666667
320.3333333333333 89.0
322.0 88.33333333333333
323.0 87.33333333333333
324.0 87.0
325.3333333333333 86.33333333333333
326.3333333333333 84.66666666666667
328.3333333333333 83.0
329.3333333333333 81.66666666666667
330.0 80.0
330.6666666666667 78.0
331.3333333333333 76.33333333333333
332.6666666666667 74.0
333.3333333333333 71.33333333333333
334.3333333333333 69.33333333333333
335.3333333333333 66.66666666666667
336.3333333333333 64.66666666666667
337.6666666666667 63.0
339.0 61.0
340.0 59.333333333333336
341.3333333333333 58.0
342.3333333333333 56.333333333333336
344.3333333333333 54.666666666666664
345.6666666666667 53.0
347.0 51.666666666666664
348.3333333333333 50.333333333333336
350.3333333333333 49.333333333333336
351.3333333333333 48.666666666666664
352.3333333333333 48.0
353.6666666666667 47.333333333333336
354.6666666666667 47.333333333333336
355.6666666666667 47.0
356.3333333333333 46.666666666666664
357.0 46.666666666666664
358.0 46.333333333333336
359.0 46.0
360.3333333333333 46.0
361.6666666666667 46.0
363.6666666666667 46.0
364.6666666666667 46.0
366.6666666666667 46.0
367.6666666666667 46.0
368.6666666666667 46.0
370.0 46.0
371.6666666666667 46.666666666666664
373.3333333333333 47.666666666666664
374.3333333333333 48.666666666666664
375.3333333333333 49.333333333333336
376.3333333333333 50.0
377.0 51.0
378.0 51.333333333333336
378.6666666666667 52.0
379.6666666666667 52.666666666666664
381.0 53.666666666666664
382.3333333333333 55.333333333333336
383.0 56.666666666666664
384.0 57.666666666666664
385.0 58.333333333333336
385.6666666666667 59.666666666666664
386.6666666666667 60.333333333333336
387.3333333333333 62.0
388.3333333333333 63.333333333333336
389.3333333333333 64.33333333333333
390.0 65.0
390.6666666666667 66.0
391.0 67.0
391.6666666666667 68.66666666666667
392.0 69.33333333333333
392.6666666666667 70.66666666666667
393.3333333333333 72.33333333333333
393.6666666666667 74.0
394.3333333333333 75.66666666666667
394.3333333333333 76.33333333333333
395.0 77.66666666666667
395.6666666666667 79.66666666666667
396.0 81.66666666666667
396.3333333333333 83.66666666666667
396.6666666666667 86.0
396.6666666666667 88.33333333333333
396.6666666666667 90.33333333333333
396.6666666666667 92.66666666666667
397.0 94.66666666666667
397.0 96.66666666666667
397.0 98.66666666666667
397.0 100.66666666666667
397.0 103.0
397.0 105.0
396.6666666666667 107.66666666666667
396.3333333333333 109.33333333333333
395.6666666666667 111.0
394.6666666666667 112.33333333333333
394.3333333333333 115.0
393.0 116.66666666666667
392.0 120.33333333333333
390.0 123.33333333333333
388.0 125.66666666666667
387.3333333333333 127.66666666666667
385.6666666666667 130.66666666666666
384.3333333333333 132.0
382.0 134.33333333333334
380.6666666666667 136.33333333333334
379.0 137.66666666666666
377.0 139.33333333333334
374.6666666666667 141.66666666666666
372.3333333333333 142.66666666666666
370.0 144.0
367.3333333333333 145.0
364.3333333333333 146.0
362.6666666666667 147.0
358.6666666666667 148.33333333333334
357.6666666666667 149.33333333333334
356.3333333333333 149.66666666666666
354.6666666666667 150.33333333333334
353.3333333333333 150.66666666666666
352.0 151.0
351.0 151.33333333333334
349.6666666666667 152.0
348.3333333333333 152.0
346.3333333333333 153.0
344.6666666666667 153.0
342.6666666666667 153.33333333333334
341.3333333333333 153.66666666666666
340.0 154.66666666666666
338.3333333333333 154.66666666666666
337.3333333333333 155.0
336.0 155.33333333333334
333.6666666666667 156.0
331.3333333333333 156.33333333333334
329.3333333333333 156.66666666666666
327.6666666666667 157.0
326.0 157.33333333333334
324.3333333333333 157.33333333333334
322.3333333333333 158.0
320.6666666666667 158.0
319.0 158.66666666666666
317.6666666666667 159.0
316.3333333333333 159.0
314.6666666666667 159.66666666666666
313.3333333333333 160.33333333333334
311.6666666666667 160.66666666666666
310.3333333333333 161.0
309.6666666666667 161.0
308.6666666666667 161.0
306.6666666666667 161.66666666666666
304.6666666666667 162.0
302.3333333333333 162.33333333333334
300.0 162.66666666666666
297.6666666666667 163.33333333333334
295.3333333333333 163.33333333333334
292.3333333333333 164.0
289.3333333333333 164.33333333333334
287.3333333333333 164.33333333333334
285.6666666666667 164.33333333333334
283.3333333333333 165.0
281.3333333333333 165.0
279.6666666666667 165.33333333333334
277.6666666666667 166.0
276.3333333333333 166.0
274.6666666666667 166.33333333333334
274.0 166.33333333333334
272.3333333333333 166.33333333333334
271.3333333333333 166.66666666666666
270.0 167.0
268.6666666666667 167.0
266.3333333333333 167.33333333333334
264.3333333333333 167.66666666666666
263.0 167.66666666666666
260.6666666666667 167.66666666666666
259.3333333333333 167.66666666666666
258.3333333333333 168.0
257.3333333333333 168.0
256.3333333333333 168.0
253.0 168.66666666666666
252.0 168.66666666666666
251.33333333333334 169.0
250.0 169.33333333333334
248.0 169.33333333333334
245.66666666666666 169.66666666666666
243.66666666666666 169.66666666666666
241.33333333333334 169.66666666666666
239.33333333333334 169.66666666666666
238.0 170.33333333333334
236.33333333333334 170.33333333333334
234.0 170.33333333333334
232.0 170.66666666666666
229.33333333333334 170.66666666666666
228.0 170.66666666666666
226.33333333333334 171.0
224.66666666666666 171.33333333333334
223.0 171.33333333333334
221.66666666666666 171.33333333333334
220.33333333333334 171.33333333333334
219.33333333333334 171.33333333333334
217.66666666666666 171.33333333333334
216.33333333333334 171.66666666666666
214.66666666666666 171.66666666666666
213.33333333333334 172.0
211.0 172.0
209.66666666666666 172.0
208.66666666666666 172.0
207.66666666666666 172.0
206.33333333333334 172.33333333333334
205.33333333333334 172.33333333333334
204.33333333333334 172.33333333333334
203.0 172.33333333333334
201.66666666666666 172.33333333333334
200.0 172.33333333333334
198.33333333333334 172.33333333333334
197.33333333333334 172.33333333333334
196.0 172.33333333333334
194.66666666666666 172.33333333333334
194.0 172.33333333333334
193.33333333333334 172.33333333333334
193.0 172.33333333333334
192.0 172.33333333333334
191.33333333333334 172.0
190.33333333333334 172.0
189.33333333333334 172.0
188.66666666666666 171.66666666666666
187.66666666666666 171.33333333333334
186.66666666666666 171.33333333333334
186.0 171.0
185.0 171.0
183.0 171.0
181.33333333333334 171.0
179.33333333333334 170.33333333333334
177.0 170.33333333333334
175.0 170.33333333333334
173.33333333333334 170.33333333333334
171.33333333333334 170.33333333333334
169.33333333333334 170.33333333333334
166.66666666666666 170.66666666666666
164.66666666666666 171.33333333333334
162.66666666666666 172.0
160.33333333333334 172.66666666666666
159.0 173.0
157.66666666666666 174.0
156.66666666666666 174.66666666666666
155.0 176.0
154.0 176.66666666666666
152.66666666666666 177.33333333333334
152.0 178.33333333333334
150.66666666666666 179.66666666666666
149.66666666666666 180.66666666666666
148.66666666666666 182.0
147.66666666666666 183.66666666666666
146.66666666666666 184.66666666666666
145.33333333333334 185.33333333333334
144.0 186.66666666666666
143.0 188.33333333333334
142.0 189.66666666666666
141.33333333333334 190.33333333333334
140.66666666666666 191.33333333333334
140.0 192.33333333333334
138.33333333333334 193.66666666666666
138.0 194.66666666666666
137.0 195.33333333333334
136.0 196.66666666666666
134.66666666666666 197.66666666666666
132.66666666666666 199.0
131.33333333333334 199.66666666666666
130.66666666666666 200.33333333333334
129.33333333333334 201.66666666666666
128.33333333333334 202.33333333333334
127.33333333333333 203.0
126.0 203.66666666666666
125.0 205.0
124.0 205.66666666666666
123.0 206.33333333333334
121.66666666666667 207.33333333333334
120.33333333333333 208.33333333333334
119.0 209.0
117.66666666666667 210.0
117.0 210.66666666666666
115.33333333333333 211.33333333333334
114.33333333333333 212.0
113.0 212.33333333333334
112.0 212.66666666666666
111.0 213.0
109.66666666666667 213.66666666666666
108.33333333333333 213.66666666666666
107.66666666666667 214.33333333333334
106.66666666666667 214.66666666666666
105.66666666666667 215.66666666666666
104.0 215.66666666666666
102.33333333333333 216.0
101.0 216.33333333333334
99.66666666666667 216.33333333333334
98.33333333333333 216.33333333333334
97.0 216.66666666666666
95.66666666666667 216.66666666666666
94.66666666666667 216.66666666666666
93.33333333333333 216.66666666666666
92.0 216.66666666666666
91.0 216.66666666666666
90.0 216.66666666666666
88.66666666666667 216.66666666666666
87.33333333333333 216.33333333333334
86.33333333333333 215.66666666666666
85.0 215.33333333333334
84.0 214.66666666666666
83.0 214.33333333333334
81.33333333333333 213.66666666666666
80.33333333333333 213.33333333333334
79.33333333333333 212.66666666666666
78.0 212.0
77.0 211.33333333333334
75.66666666666667 210.66666666666666
74.33333333333333 209.0
73.66666666666667 208.0
72.66666666666667 207.33333333333334
71.66666666666667 206.33333333333334
70.33333333333333 205.33333333333334
69.33333333333333 204.0
68.33333333333333 203.0
67.33333333333333 201.66666666666666
66.0 200.0
64.66666666666667 198.0
63.333333333333336 196.66666666666666
62.0 195.0
60.666666666666664 193.0
58.333333333333336 190.66666666666666
57.0 189.33333333333334
55.666666666666664 188.0
54.333333333333336 186.33333333333334
53.0 184.66666666666666
51.333333333333336 183.33333333333334
50.0 181.66666666666666
48.666666666666664 180.33333333333334
47.0 179.0
46.0 178.0
44.666666666666664 177.0
43.0 175.33333333333334
41.666666666666664 174.0
40.666666666666664 173.33333333333334
39.333333333333336 172.33333333333334
38.333333333333336 171.66666666666666
37.333333333333336 171.0
35.333333333333336 170.0
33.666666666666664 169.33333333333334
32.0 168.66666666666666
30.0 167.66666666666666
28.0 167.0
26.666666666666668 166.33333333333334
24.666666666666668 166.0
23.333333333333332 165.33333333333334
20.333333333333332 165.33333333333334
19.666666666666668 165.0
18.666666666666668 164.33333333333334
17.666666666666668 163.66666666666666
16.666666666666668 162.66666666666666
15.333333333333334 162.66666666666666
14.0 162.0
13.0 161.66666666666666
11.666666666666666 161.0
10.666666666666666 160.66666666666666
9.666666666666666 160.33333333333334
8.666666666666666 160.0
8.0 159.66666666666666
7.333333333333333 159.33333333333334
6.0 159.0
5.0 158.66666666666666
4.333333333333333 158.0
2.6666666666666665 158.0
1.6666666666666667 157.66666666666666
0.6666666666666666 157.33333333333334
-0.6666666666666666 157.0
-1.6666666666666667 156.66666666666666
-3.0 156.66666666666666
-4.0 156.33333333333334
-5.0 156.0
-6.333333333333333 156.0
-8.333333333333334 156.0
-10.0 155.66666666666666
-11.333333333333334 155.33333333333334
-12.666666666666666 155.33333333333334
-14.333333333333334 155.33333333333334
-15.333333333333334 154.66666666666666
-17.0 154.66666666666666
-17.666666666666668 154.66666666666666
-19.666666666666668 154.66666666666666
-21.333333333333332 154.66666666666666
-22.333333333333332 154.66666666666666
-23.666666666666668 154.66666666666666
-25.333333333333332 154.66666666666666
-26.333333333333332 154.66666666666666
-27.333333333333332 154.66666666666666
-28.0 154.66666666666666
-28.666666666666668 154.66666666666666
-29.0 154.66666666666666
-29.666666666666668 154.66666666666666
-31.333333333333332 154.66666666666666
-31.666666666666668 154.66666666666666
