-25.333333333333332 185.66666666666666
-24.333333333333332 186.33333333333334
-22.666666666666668 188.0
-21.666666666666668 188.33333333333334
-21.0 189.33333333333334
-19.666666666666668 190.0
-18.333333333333332 190.66666666666666
-16.333333333333332 192.33333333333334
-15.333333333333334 193.0
-14.0 194.66666666666666
-13.333333333333334 195.33333333333334
-11.666666666666666 196.33333333333334
-11.0 197.0
-10.0 198.0
-8.666666666666666 199.33333333333334
-8.0 200.66666666666666
-7.333333333333333 201.33333333333334
-6.666666666666667 202.66666666666666
-5.333333333333333 203.66666666666666
-4.666666666666667 204.33333333333334
-3.6666666666666665 205.33333333333334
-3.3333333333333335 206.66666666666666
-2.3333333333333335 207.33333333333334
-1.0 209.0
0.0 209.66666666666666
1.0 210.33333333333334
1.6666666666666667 211.66666666666666
2.6666666666666665 212.66666666666666
3.3333333333333335 213.66666666666666
4.0 214.0
5.333333333333333 215.0
6.666666666666667 216.33333333333334
7.666666666666667 218.0
8.666666666666666 219.0
10.0 220.0
11.333333333333334 220.66666666666666
12.333333333333334 221.33333333333334
13.0 222.33333333333334
14.0 223.33333333333334
14.666666666666666 224.33333333333334
15.0 224.66666666666666
15.666666666666666 225.33333333333334
17.0 226.0
17.666666666666668 227.0
18.666666666666668 227.66666666666666
19.333333333333332 229.0
20.0 230.0
21.0 230.66666666666666
21.666666666666668 231.66666666666666
22.666666666666668 232.33333333333334
23.333333333333332 233.33333333333334
24.0 234.33333333333334
25.0 235.0
25.666666666666668 236.33333333333334
26.333333333333332 237.33333333333334
26.666666666666668 238.0
28.0 239.0
28.666666666666668 240.33333333333334
29.333333333333332 241.33333333333334
30.0 242.33333333333334
30.666666666666668 243.0
31.333333333333332 244.66666666666666
32.333333333333336 246.33333333333334
33.666666666666664 247.66666666666666
34.0 248.66666666666666
35.0 250.0
35.666666666666664 251.66666666666666
36.333333333333336 252.66666666666666
37.333333333333336 253.33333333333334
38.0 254.66666666666666
39.333333333333336 256.0
40.0 257.3333333333333
40.666666666666664 258.6666666666667
41.666666666666664 260.0
42.666666666666664 261.3333333333333
43.666666666666664 262.6666666666667
44.333333333333336 263.6666666666667
45.666666666666664 265.0
46.666666666666664 266.0
47.666666666666664 267.0
48.333333333333336 268.3333333333333
49.333333333333336 269.3333333333333
50.666666666666664 270.3333333333333
51.333333333333336 271.3333333333333
52.0 272.0
53.0 272.6666666666667
53.333333333333336 274.0
54.666666666666664 274.3333333333333
55.333333333333336 275.0
56.666666666666664 275.6666666666667
57.333333333333336 276.3333333333333
58.666666666666664 277.0
60.0 278.0
61.333333333333336 278.6666666666667
63.0 280.0
64.66666666666667 280.3333333333333
66.0 281.0
67.66666666666667 281.6666666666667
69.33333333333333 282.3333333333333
71.0 283.0
72.66666666666667 283.0
74.66666666666667 283.3333333333333
76.66666666666667 283.6666666666667
78.33333333333333 283.6666666666667
81.0 284.0
83.33333333333333 284.0
85.33333333333333 284.0
87.0 284.0
89.33333333333333 284.0
92.0 283.6666666666667
95.0 283.3333333333333
97.0 283.0
99.0 282.6666666666667
100.0 282.0
102.0 282.0
103.33333333333333 281.6666666666667
104.66666666666667 281.0
106.0 280.3333333333333
106.33333333333333 279.6666666666667
108.0 278.6666666666667
109.0 277.6666666666667
110.0 276.6666666666667
111.0 276.3333333333333
111.66666666666667 275.3333333333333
112.33333333333333 274.6666666666667
113.33333333333333 273.3333333333333
113.66666666666667 271.6666666666667
114.33333333333333 270.0
115.0 268.3333333333333
115.33333333333333 266.6666666666667
117.0 264.3333333333333
118.66666666666667 261.6666666666667
120.0 260.0
122.0 258.0
125.0 256.0
126.66666666666667 254.66666666666666
128.33333333333334 253.0
130.33333333333334 251.33333333333334
132.0 250.66666666666666
133.33333333333334 250.0
134.33333333333334 249.66666666666666
136.0 249.33333333333334
137.0 249.0
138.33333333333334 249.0
140.0 249.0
141.33333333333334 248.66666666666666
142.0 248.66666666666666
143.0 248.66666666666666
144.0 249.0
145.33333333333334 249.66666666666666
147.0 250.33333333333334
148.0 251.33333333333334
149.66666666666666 252.0
151.0 253.0
152.66666666666666 253.66666666666666
153.66666666666666 254.33333333333334
154.33333333333334 255.0
156.0 257.0
157.0 258.0
157.66666666666666 258.6666666666667
159.33333333333334 260.3333333333333
159.66666666666666 260.6666666666667
160.33333333333334 261.3333333333333
160.66666666666666 262.0
161.0 263.0
161.66666666666666 264.0
162.33333333333334 264.3333333333333
163.0 265.3333333333333
164.33333333333334 266.6666666666667
165.33333333333334 268.3333333333333
166.33333333333334 269.3333333333333
166.66666666666666 270.3333333333333
167.66666666666666 271.3333333333333
168.0 271.6666666666667
168.66666666666666 272.3333333333333
169.0 273.0
170.33333333333334 274.0
171.0 274.6666666666667
171.66666666666666 276.0
172.33333333333334 276.3333333333333
176.66666666666666 280.6666666666667
177.0 281.3333333333333
177.66666666666666 281.6666666666667
178.0 282.3333333333333
178.33333333333334 282.6666666666667
179.0 283.0
179.66666666666666 284.0
180.0 285.0
180.33333333333334 285.6666666666667
181.33333333333334 286.6666666666667
181.66666666666666 288.0
183.33333333333334 289.3333333333333
184.33333333333334 291.3333333333333
185.0 292.3333333333333
186.0 293.3333333333333
187.0 294.6666666666667
188.33333333333334 297.0
190.66666666666666 299.6666666666667
192.0 301.0
193.0 302.0
193.66666666666666 303.0
195.0 303.6666666666667
195.66666666666666 304.6666666666667
196.0 305.3333333333333
197.33333333333334 306.3333333333333
198.33333333333334 307.6666666666667
199.33333333333334 308.6666666666667
200.66666666666666 309.6666666666667
202.0 310.3333333333333
203.0 311.0
204.33333333333334 311.6666666666667
206.33333333333334 312.6666666666667
207.66666666666666 313.3333333333333
209.0 313.3333333333333
211.66666666666666 313.6666666666667
213.66666666666666 314.0
215.66666666666666 314.0
217.33333333333334 314.0
218.33333333333334 314.0
219.33333333333334 314.0
220.66666666666666 314.0
222.33333333333334 313.3333333333333
224.0 313.0
225.33333333333334 312.3333333333333
226.66666666666666 312.0
228.0 311.3333333333333
229.33333333333334 311.3333333333333
229.33333333333334 310.6666666666667
230.33333333333334 310.6666666666667
231.33333333333334 310.3333333333333
232.0 309.6666666666667
233.33333333333334 309.3333333333333
234.66666666666666 309.0
235.66666666666666 308.6666666666667
237.66666666666666 307.6666666666667
239.0 307.0
240.33333333333334 306.6666666666667
242.0 306.3333333333333
243.0 306.0
244.0 306.0
246.33333333333334 305.3333333333333
248.66666666666666 305.3333333333333
250.0 305.0
250.66666666666666 305.0
251.33333333333334 305.0
252.0 305.0
253.33333333333334 305.0
254.66666666666666 304.6666666666667
256.3333333333333 304.3333333333333
258.0 304.3333333333333
259.3333333333333 304.3333333333333
260.6666666666667 304.3333333333333
262.0 304.3333333333333
265.0 305.0
265.3333333333333 305.0
270.0 307.0
271.0 307.3333333333333
273.3333333333333 308.6666666666667
275.0 309.6666666666667
276.0 309.6666666666667
276.6666666666667 310.3333333333333
277.6666666666667 311.3333333333333
279.3333333333333 312.6666666666667
281.3333333333333 314.0
282.6666666666667 314.6666666666667
283.6666666666667 315.6666666666667
284.6666666666667 316.0
285.6666666666667 317.0
286.6666666666667 317.3333333333333
287.3333333333333 317.6666666666667
288.0 318.0
288.0 318.6666666666667
288.6666666666667 319.3333333333333
289.6666666666667 319.6666666666667
290.3333333333333 320.3333333333333
291.0 321.0
292.0 321.3333333333333
292.3333333333333 322.3333333333333
293.0 322.6666666666667
293.6666666666667 323.3333333333333
294.0 323.3333333333333
294.3333333333333 324.0
295.0 324.0
295.3333333333333 324.6666666666667
296.0 325.0
296.3333333333333 325.6666666666667
296.6666666666667 326.0
297.0 326.6666666666667
297.0 327.3333333333333
298.0 328.3333333333333
298.6666666666667 329.0
299.0 329.3333333333333
299.3333333333333 330.0
299.6666666666667 330.6666666666667
300.0 331.0
300.3333333333333 331.6666666666667
300.3333333333333 332.3333333333333
300.6666666666667 333.6666666666667
301.0 334.6666666666667
301.6666666666667 335.3333333333333
302.0 336.0
302.3333333333333 337.0
303.3333333333333 338.0
303.3333333333333 338.6666666666667
303.6666666666667 339.6666666666667
304.0 340.6666666666667
304.3333333333333 342.0
304.3333333333333 343.0
305.0 344.0
305.0 345.6666666666667
305.0 346.6666666666667
305.6666666666667 348.3333333333333
306.0 349.6666666666667
306.0 351.6666666666667
306.3333333333333 352.6666666666667
306.6666666666667 353.6666666666667
306.6666666666667 355.3333333333333
306.6666666666667 357.6666666666667
306.6666666666667 359.3333333333333
306.6666666666667 360.6666666666667
306.6666666666667 362.3333333333333
306.6666666666667 363.3333333333333
306.6666666666667 365.0
306.3333333333333 366.0
306.0 366.6666666666667
306.0 367.6666666666667
305.6666666666667 368.6666666666667
305.3333333333333 370.0
305.0 371.3333333333333
304.3333333333333 372.6666666666667
303.3333333333333 374.3333333333333
302.6666666666667 375.3333333333333
302.0 376.6666666666667
301.3333333333333 378.0
300.3333333333333 380.0
299.3333333333333 381.6666666666667
298.6666666666667 383.3333333333333
297.3333333333333 385.0
296.3333333333333 387.0
295.3333333333333 389.0
294.0 390.6666666666667
293.3333333333333 392.3333333333333
291.6666666666667 394.0
290.6666666666667 395.0
290.0 396.6666666666667
289.0 397.3333333333333
288.3333333333333 398.3333333333333
287.3333333333333 399.3333333333333
286.0 400.3333333333333
285.0 401.0
283.6666666666667 402.0
282.6666666666667 403.0
281.3333333333333 404.0
279.6666666666667 405.0
278.6666666666667 405.3333333333333
277.3333333333333 406.0
275.6666666666667 406.3333333333333
273.6666666666667 407.3333333333333
272.3333333333333 407.6666666666667
271.0 408.0
270.0 408.0
268.0 408.0
266.3333333333333 408.3333333333333
265.0 408.6666666666667
263.0 408.6666666666667
261.6666666666667 408.6666666666667
260.0 408.6666666666667
257.6666666666667 408.6666666666667
255.33333333333334 408.6666666666667
253.66666666666666 408.6666666666667
252.0 408.6666666666667
250.33333333333334 408.6666666666667
249.0 408.6666666666667
246.66666666666666 408.6666666666667
244.0 408.3333333333333
242.33333333333334 408.0
239.66666666666666 407.3333333333333
238.0 407.0
236.33333333333334 406.3333333333333
234.66666666666666 406.3333333333333
233.66666666666666 406.0
232.33333333333334 405.6666666666667
230.66666666666666 405.3333333333333
228.66666666666666 404.6666666666667
227.33333333333334 404.6666666666667
226.0 404.3333333333333
225.33333333333334 404.3333333333333
225.0 403.6666666666667
220.33333333333334 402.0
219.66666666666666 401.3333333333333
217.66666666666666 400.3333333333333
216.66666666666666 399.0
215.33333333333334 398.3333333333333
214.33333333333334 397.0
213.66666666666666 396.3333333333333
212.66666666666666 395.3333333333333
212.33333333333334 394.6666666666667
211.33333333333334 393.3333333333333
211.0 392.0
210.33333333333334 391.0
209.66666666666666 390.3333333333333
209.66666666666666 389.6666666666667
209.0 389.0
208.66666666666666 388.0
208.0 387.0
207.33333333333334 386.6666666666667
207.33333333333334 386.0
207.0 386.0
207.0 385.6666666666667
206.33333333333334 385.0
205.66666666666666 383.6666666666667
205.0 382.3333333333333
204.0 381.0
203.33333333333334 380.0
203.0 379.0
202.66666666666666 378.3333333333333
201.33333333333334 376.6666666666667
200.33333333333334 375.3333333333333
199.0 373.3333333333333
198.0 372.0
196.0 369.3333333333333
195.33333333333334 368.3333333333333
194.33333333333334 367.6666666666667
193.66666666666666 366.3333333333333
192.66666666666666 365.0
192.33333333333334 364.0
191.66666666666666 363.6666666666667
191.0 363.0
190.0 362.0
188.66666666666666 361.3333333333333
187.0 360.6666666666667
186.0 359.6666666666667
184.33333333333334 359.3333333333333
183.0 359.0
182.0 358.3333333333333
180.66666666666666 358.0
179.0 357.6666666666667
178.33333333333334 357.3333333333333
177.33333333333334 357.0
175.66666666666666 357.0
174.0 356.6666666666667
172.33333333333334 356.3333333333333
170.33333333333334 356.3333333333333
168.33333333333334 356.3333333333333
166.33333333333334 356.3333333333333
164.66666666666666 356.6666666666667
163.33333333333334 357.0
161.66666666666666 357.0
160.0 357.6666666666667
159.0 358.0
158.0 358.3333333333333
157.33333333333334 358.6666666666667
156.33333333333334 359.3333333333333
155.33333333333334 360.3333333333333
153.66666666666666 361.3333333333333
152.66666666666666 362.0
151.66666666666666 362.3333333333333
150.66666666666666 363.3333333333333
149.66666666666666 364.0
148.33333333333334 365.0
147.66666666666666 366.0
146.0 366.6666666666667
144.66666666666666 367.6666666666667
143.33333333333334 368.0
142.33333333333334 368.6666666666667
140.33333333333334 369.3333333333333
137.33333333333334 370.3333333333333
134.66666666666666 371.3333333333333
131.33333333333334 371.6666666666667
129.66666666666666 372.0
127.0 372.0
125.66666666666667 372.0
124.0 372.0
122.33333333333333 372.0
121.0 372.0
119.33333333333333 372.0
118.33333333333333 372.0
117.33333333333333 372.0
116.0 372.0
114.66666666666667 372.0
113.33333333333333 372.0
112.0 371.3333333333333
110.66666666666667 371.0
109.33333333333333 370.6666666666667
107.33333333333333 370.3333333333333
104.66666666666667 369.6666666666667
103.0 369.3333333333333
101.66666666666667 369.0
99.66666666666667 368.6666666666667
98.33333333333333 368.3333333333333
96.33333333333333 367.6666666666667
95.0 367.0
93.33333333333333 366.6666666666667
91.66666666666667 365.6666666666667
90.33333333333333 365.0
88.0 364.6666666666667
86.66666666666667 364.0
85.33333333333333 363.6666666666667
83.66666666666667 363.0
81.66666666666667 362.0
81.0 361.3333333333333
79.66666666666667 360.6666666666667
78.33333333333333 360.0
76.33333333333333 359.0
75.0 358.0
73.66666666666667 357.0
72.0 355.6666666666667
70.0 354.0
68.66666666666667 352.3333333333333
67.0 350.3333333333333
65.66666666666667 348.6666666666667
64.33333333333333 347.0
63.666666666666664 345.3333333333333
62.666666666666664 344.3333333333333
62.333333333333336 342.6666666666667
61.333333333333336 341.3333333333333
60.666666666666664 339.6666666666667
60.0 337.0
59.666666666666664 335.3333333333333
59.0 333.6666666666667
58.666666666666664 331.3333333333333
58.333333333333336 330.0
58.0 328.6666666666667
58.0 326.6666666666667
57.333333333333336 325.0
57.333333333333336 323.6666666666667
57.333333333333336 322.0
57.0 319.3333333333333
57.0 317.3333333333333
57.0 315.3333333333333
57.0 313.6666666666667
57.0 311.6666666666667
57.0 310.3333333333333
57.0 308.6666666666667
57.0 307.0
57.0 305.6666666666667
57.0 304.0
57.0 302.0
57.0 300.6666666666667
57.0 298.3333333333333
57.0 296.3333333333333
57.0 294.3333333333333
57.333333333333336 292.0
57.666666666666664 289.6666666666667
58.0 287.6666666666667
58.333333333333336 285.6666666666667
58.666666666666664 284.0
59.0 282.0
59.0 280.0
59.333333333333336 278.6666666666667
60.0 277.3333333333333
60.333333333333336 276.0
60.666666666666664 274.3333333333333
60.666666666666664 273.3333333333333
61.0 271.6666666666667
61.666666666666664 270.0
62.333333333333336 267.6666666666667
62.666666666666664 265.6666666666667
63.333333333333336 263.6666666666667
64.0 262.0
64.0 261.6666666666667
65.0 259.0
65.0 258.0
65.33333333333333 257.0
65.33333333333333 256.0
66.33333333333333 255.0
66.33333333333333 254.0
67.33333333333333 252.33333333333334
67.66666666666667 251.33333333333334
68.33333333333333 250.0
69.0 249.0
69.33333333333333 248.33333333333334
69.66666666666667 246.66666666666666
70.0 246.33333333333334
70.33333333333333 245.33333333333334
70.66666666666667 244.66666666666666
71.66666666666667 244.0
72.0 243.0
72.33333333333333 242.0
73.33333333333333 241.33333333333334
73.66666666666667 240.33333333333334
74.33333333333333 239.33333333333334
75.0 238.33333333333334
75.33333333333333 237.66666666666666
76.66666666666667 236.0
77.33333333333333 235.33333333333334
77.33333333333333 234.66666666666666
78.0 234.33333333333334
78.33333333333333 233.66666666666666
79.0 233.0
80.33333333333333 232.0
81.0 230.66666666666666
81.66666666666667 230.0
82.0 229.33333333333334
83.0 229.0
83.33333333333333 228.33333333333334
84.33333333333333 228.0
84.66666666666667 227.66666666666666
85.33333333333333 227.33333333333334
85.66666666666667 227.0
86.66666666666667 226.66666666666666
87.33333333333333 225.66666666666666
88.66666666666667 224.66666666666666
89.66666666666667 224.33333333333334
90.66666666666667 224.0
91.33333333333333 223.0
92.0 223.0
93.0 222.33333333333334
93.66666666666667 221.66666666666666
94.66666666666667 221.33333333333334
95.0 220.66666666666666
96.66666666666667 220.33333333333334
97.66666666666667 219.33333333333334
98.33333333333333 219.0
99.0 218.66666666666666
100.33333333333333 218.66666666666666
102.0 218.33333333333334
103.0 218.0
104.0 218.0
104.66666666666667 218.0
106.0 217.66666666666666
107.66666666666667 217.66666666666666
109.33333333333333 217.66666666666666
110.66666666666667 217.66666666666666
113.0 217.33333333333334
114.33333333333333 217.0
117.0 217.0
119.0 216.66666666666666
120.66666666666667 216.0
122.66666666666667 215.33333333333334
123.66666666666667 214.66666666666666
124.33333333333333 214.33333333333334
126.0 213.0
127.0 211.66666666666666
128.66666666666666 210.66666666666666
130.0 209.33333333333334
131.33333333333334 207.66666666666666
132.0 206.0
132.66666666666666 204.33333333333334
133.33333333333334 202.33333333333334
134.66666666666666 200.66666666666666
135.0 198.66666666666666
135.33333333333334 196.66666666666666
135.33333333333334 195.0
135.33333333333334 194.0
135.66666666666666 192.0
135.66666666666666 189.33333333333334
135.66666666666666 187.33333333333334
135.66666666666666 185.33333333333334
135.66666666666666 184.0
135.66666666666666 183.0
135.0 181.0
133.66666666666666 178.33333333333334
133.0 176.33333333333334
132.33333333333334 175.0
131.66666666666666 173.0
130.66666666666666 171.33333333333334
130.0 170.33333333333334
129.0 169.0
128.0 167.66666666666666
127.0 166.66666666666666
126.0 166.0
125.0 165.33333333333334
124.0 164.66666666666666
122.33333333333333 164.0
121.0 163.33333333333334
119.33333333333333 162.33333333333334
118.0 161.66666666666666
116.33333333333333 161.0
115.0 160.33333333333334
113.66666666666667 160.0
112.33333333333333 159.66666666666666
110.33333333333333 159.33333333333334
108.66666666666667 158.66666666666666
107.0 158.33333333333334
105.0 157.66666666666666
103.33333333333333 156.66666666666666
101.0 156.33333333333334
99.33333333333333 155.66666666666666
98.0 155.0
96.66666666666667 155.0
95.33333333333333 154.33333333333334
93.33333333333333 154.0
91.66666666666667 153.0
90.0 152.33333333333334
88.33333333333333 151.33333333333334
87.33333333333333 150.33333333333334
86.0 150.0
85.33333333333333 149.66666666666666
84.0 148.66666666666666
82.33333333333333 148.0
81.33333333333333 147.0
80.0 146.33333333333334
78.66666666666667 145.0
77.0 143.33333333333334
75.66666666666667 142.33333333333334
74.33333333333333 140.66666666666666
73.66666666666667 139.33333333333334
72.66666666666667 135.66666666666666
72.33333333333333 133.66666666666666
71.66666666666667 132.0
71.33333333333333 131.0
70.66666666666667 129.66666666666666
70.0 129.0
70.0 128.0
69.33333333333333 127.0
69.33333333333333 125.0
68.66666666666667 124.0
68.33333333333333 122.66666666666667
67.66666666666667 122.0
67.66666666666667 120.66666666666667
67.33333333333333 119.33333333333333
66.66666666666667 118.0
66.66666666666667 117.0
66.66666666666667 115.66666666666667
66.0 113.33333333333333
66.0 111.66666666666667
65.66666666666667 109.33333333333333
65.0 108.0
64.66666666666667 107.0
64.66666666666667 105.33333333333333
64.66666666666667 104.33333333333333
64.33333333333333 102.66666666666667
64.33333333333333 101.33333333333333
64.33333333333333 100.33333333333333
64.0 99.33333333333333
64.0 97.33333333333333
64.0 95.33333333333333
64.0 94.0
64.0 91.66666666666667
64.0 90.66666666666667
64.0 89.33333333333333
64.0 88.0
64.33333333333333 86.66666666666667
65.0 85.66666666666667
65.0 83.33333333333333
65.66666666666667 80.66666666666667
66.0 79.33333333333333
66.33333333333333 77.66666666666667
67.0 76.0
67.66666666666667 73.33333333333333
68.0 71.66666666666667
68.33333333333333 70.66666666666667
68.33333333333333 69.0
69.0 68.0
69.0 67.0
69.33333333333333 66.0
70.0 64.0
70.66666666666667 63.0
71.0 62.0
72.0 59.333333333333336
72.33333333333333 58.333333333333336
72.66666666666667 57.0
73.0 56.0
73.66666666666667 55.0
74.0 54.333333333333336
74.33333333333333 53.333333333333336
75.0 52.333333333333336
75.33333333333333 51.333333333333336
76.33333333333333 50.666666666666664
76.66666666666667 49.666666666666664
77.66666666666667 49.0
79.0 48.0
80.33333333333333 46.666666666666664
82.0 46.0
83.66666666666667 44.666666666666664
85.33333333333333 44.333333333333336
87.0 43.333333333333336
88.33333333333333 43.0
90.33333333333333 42.666666666666664
91.0 42.0
93.33333333333333 41.0
95.0 40.666666666666664
96.33333333333333 40.0
97.66666666666667 40.0
100.0 39.0
102.0 38.666666666666664
103.66666666666667 38.333333333333336
105.33333333333333 38.0
107.0 38.0
108.33333333333333 37.666666666666664
109.66666666666667 37.666666666666664
111.33333333333333 37.666666666666664
113.33333333333333 37.333333333333336
116.0 37.333333333333336
118.66666666666667 37.0
120.0 36.666666666666664
121.0 36.666666666666664
122.0 36.666666666666664
123.0 36.666666666666664
124.0 36.666666666666664
125.33333333333333 36.666666666666664
127.66666666666667 36.666666666666664
128.66666666666666 36.666666666666664
129.66666666666666 36.666666666666664
130.66666666666666 37.333333333333336
132.0 37.666666666666664
135.0 39.333333333333336
138.0 40.666666666666664
140.33333333333334 42.333333333333336
142.0 43.666666666666664
142.66666666666666 45.0
144.33333333333334 47.333333333333336
145.33333333333334 48.666666666666664
146.0 50.0
147.0 51.666666666666664
148.0 53.666666666666664
148.33333333333334 54.666666666666664
148.66666666666666 55.666666666666664
149.0 57.0
150.0 57.666666666666664
150.33333333333334 59.333333333333336
151.0 61.0
151.33333333333334 62.0
151.66666666666666 64.0
152.0 65.33333333333333
152.33333333333334 67.0
152.66666666666666 68.66666666666667
153.0 71.0
153.33333333333334 72.66666666666667
153.33333333333334 74.66666666666667
153.66666666666666 77.0
153.66666666666666 78.33333333333333
154.0 79.66666666666667
154.0 82.0
154.0 84.0
154.0 85.33333333333333
154.0 87.0
154.0 89.33333333333333
154.0 91.0
154.0 93.33333333333333
154.33333333333334 94.66666666666667
154.33333333333334 96.66666666666667
154.66666666666666 98.66666666666667
155.0 100.66666666666667
155.66666666666666 102.0
156.0 103.0
156.0 104.33333333333333
156.66666666666666 106.66666666666667
157.0 107.66666666666667
157.66666666666666 110.33333333333333
158.0 112.0
159.33333333333334 114.33333333333333
160.33333333333334 117.33333333333333
161.33333333333334 118.0
161.66666666666666 118.33333333333333
162.33333333333334 119.0
163.0 119.0
163.33333333333334 119.66666666666667
164.33333333333334 120.66666666666667
167.0 122.0
168.66666666666666 123.33333333333333
169.66666666666666 123.33333333333333
171.66666666666666 124.33333333333333
174.66666666666666 124.66666666666667
176.0 125.0
177.33333333333334 125.0
179.66666666666666 125.33333333333333
182.0 125.33333333333333
183.33333333333334 124.33333333333333
185.0 124.0
186.66666666666666 123.33333333333333
188.33333333333334 122.33333333333333
190.0 122.0
191.0 121.33333333333333
192.33333333333334 120.33333333333333
193.33333333333334 119.66666666666667
194.33333333333334 119.0
195.33333333333334 118.0
196.33333333333334 117.33333333333333
197.0 117.33333333333333
198.0 116.33333333333333
199.66666666666666 114.66666666666667
201.66666666666666 113.0
203.0 111.66666666666667
204.33333333333334 110.33333333333333
205.33333333333334 108.66666666666667
205.66666666666666 108.0
206.66666666666666 107.33333333333333
207.66666666666666 106.33333333333333
208.0 104.66666666666667
209.0 102.66666666666667
209.66666666666666 101.66666666666667
211.0 100.0
212.33333333333334 98.0
213.0 96.33333333333333
213.33333333333334 95.66666666666667
214.33333333333334 94.33333333333333
215.0 92.0
216.0 90.33333333333333
217.0 88.33333333333333
218.33333333333334 86.0
219.33333333333334 84.33333333333333
220.66666666666666 82.33333333333333
222.0 80.0
224.0 78.33333333333333
225.0 77.33333333333333
226.33333333333334 75.0
227.66666666666666 72.66666666666667
228.66666666666666 71.0
230.33333333333334 69.33333333333333
231.66666666666666 67.66666666666667
233.0 66.0
233.66666666666666 65.33333333333333
235.0 64.0
235.66666666666666 63.0
236.66666666666666 62.0
237.66666666666666 60.0
239.33333333333334 57.666666666666664
242.0 56.0
243.33333333333334 55.0
244.33333333333334 54.333333333333336
245.0 53.666666666666664
246.66666666666666 52.666666666666664
247.66666666666666 52.333333333333336
249.0 51.666666666666664
250.0 51.0
251.33333333333334 50.333333333333336
253.33333333333334 50.0
255.0 49.666666666666664
255.66666666666666 49.333333333333336
257.0 49.0
258.6666666666667 48.666666666666664
260.3333333333333 48.333333333333336
261.6666666666667 48.333333333333336
264.3333333333333 48.333333333333336
266.3333333333333 48.333333333333336
269.3333333333333 48.333333333333336
271.3333333333333 48.333333333333336
272.3333333333333 48.333333333333336
273.0 49.0
275.0 49.333333333333336
276.0 49.666666666666664
277.0 50.0
277.6666666666667 50.666666666666664
278.3333333333333 51.0
281.0 52.0
282.3333333333333 53.333333333333336
283.3333333333333 54.0
284.0 54.333333333333336
284.6666666666667 55.0
285.3333333333333 55.666666666666664
287.3333333333333 56.0
287.6666666666667 56.0
288.0 56.0
288.0 56.666666666666664
288.6666666666667 56.666666666666664
289.0 57.0
289.6666666666667 57.666666666666664
290.3333333333333 58.333333333333336
291.0 58.666666666666664
292.6666666666667 59.666666666666664
293.6666666666667 60.333333333333336
295.0 61.0
295.6666666666667 61.333333333333336
296.3333333333333 61.666666666666664
297.3333333333333 62.0
297.6666666666667 62.666666666666664
298.6666666666667 63.0
299.3333333333333 63.666666666666664
301.0 65.0
302.0 65.66666666666667
303.6666666666667 66.33333333333333
304.3333333333333 66.33333333333333
305.6666666666667 67.0
306.6666666666667 67.33333333333333
307.6666666666667 68.0
308.0 68.33333333333333
309.0 68.66666666666667
309.6666666666667 69.0
310.6666666666667 69.66666666666667
311.3333333333333 70.66666666666667
312.0 71.0
312.6666666666667 72.0
313.0 72.33333333333333
313.6666666666667 73.0
314.6666666666667 73.33333333333333
315.0 74.0
315.6666666666667 74.66666666666667
316.3333333333333 76.33333333333333
317.3333333333333 77.66666666666667
318.0 78.66666666666667
319.0 79.33333333333333
320.0 80.33333333333333
320.6666666666667 81.33333333333333
321.6666666666667 82.33333333333333
322.0 83.33333333333333
322.6666666666667 84.0
323.3333333333333 85.0
323.6666666666667 85.66666666666667
324.6666666666667 86.66666666666667
325.0 88.0
326.0 89.0
326.6666666666667 90.33333333333333
327.3333333333333 91.33333333333333
327.6666666666667 92.33333333333333
328.3333333333333 93.66666666666667
328.6666666666667 94.66666666666667
329.3333333333333 96.0
330.3333333333333 99.0
331.3333333333333 101.0
332.0 102.33333333333333
332.0 103.66666666666667
332.3333333333333 105.33333333333333
332.6666666666667 106.66666666666667
333.0 108.0
333.3333333333333 108.66666666666667
333.6666666666667 109.33333333333333
333.6666666666667 110.66666666666667
333.6666666666667 111.0
334.0 111.66666666666667
334.0 112.66666666666667
334.0 113.33333333333333
334.0 113.66666666666667
334.0 114.33333333333333
334.0 115.0
334.0 116.0
334.0 117.0
334.0 118.0
334.0 119.0
333.6666666666667 120.33333333333333
333.0 122.0
332.6666666666667 122.66666666666667
332.3333333333333 123.66666666666667
332.3333333333333 124.66666666666667
332.0 125.66666666666667
331.3333333333333 126.33333333333333
331.0 126.66666666666667
330.6666666666667 127.66666666666667
330.3333333333333 129.0
330.0 129.66666666666666
329.3333333333333 130.33333333333334
328.6666666666667 131.33333333333334
328.0 132.0
327.3333333333333 133.0
326.6666666666667 134.0
325.0 135.33333333333334
324.0 136.33333333333334
323.3333333333333 136.66666666666666
322.6666666666667 137.33333333333334
322.0 137.66666666666666
321.3333333333333 138.66666666666666
320.6666666666667 139.0
319.6666666666667 140.0
318.6666666666667 141.0
317.3333333333333 141.66666666666666
316.3333333333333 143.0
314.3333333333333 143.33333333333334
313.0 145.0
311.6666666666667 146.0
310.3333333333333 147.33333333333334
308.6666666666667 148.66666666666666
307.0 150.33333333333334
304.6666666666667 151.66666666666666
302.3333333333333 153.33333333333334
300.6666666666667 154.33333333333334
299.0 155.66666666666666
297.3333333333333 157.0
295.6666666666667 158.33333333333334
293.3333333333333 159.66666666666666
291.3333333333333 161.33333333333334
290.0 162.33333333333334
289.0 163.0
288.3333333333333 163.66666666666666
287.6666666666667 164.33333333333334
286.0 165.0
284.6666666666667 166.33333333333334
283.3333333333333 168.0
282.0 169.0
280.0 170.0
279.0 170.66666666666666
278.6666666666667 171.66666666666666
278.0 173.33333333333334
277.3333333333333 174.66666666666666
277.0 176.66666666666666
276.3333333333333 178.33333333333334
276.3333333333333 179.0
276.3333333333333 180.0
276.3333333333333 180.66666666666666
276.3333333333333 181.66666666666666
276.3333333333333 182.66666666666666
277.3333333333333 185.33333333333334
277.3333333333333 186.33333333333334
277.3333333333333 186.66666666666666
277.6666666666667 187.33333333333334
278.6666666666667 188.66666666666666
279.0 190.0
280.0 191.66666666666666
280.3333333333333 192.66666666666666
281.3333333333333 194.33333333333334
281.6666666666667 195.66666666666666
282.3333333333333 197.0
282.6666666666667 198.33333333333334
284.0 199.33333333333334
284.3333333333333 201.0
284.6666666666667 202.33333333333334
285.6666666666667 204.0
286.3333333333333 206.0
287.0 207.33333333333334
287.3333333333333 208.66666666666666
288.3333333333333 210.66666666666666
289.0 212.33333333333334
290.6666666666667 214.33333333333334
291.6666666666667 216.0
292.3333333333333 217.66666666666666
293.6666666666667 219.33333333333334
294.3333333333333 220.66666666666666
296.0 222.0
297.0 223.33333333333334
298.3333333333333 225.0
299.3333333333333 226.33333333333334
301.0 227.66666666666666
302.0 229.33333333333334
303.0 230.66666666666666
304.3333333333333 231.66666666666666
305.0 232.66666666666666
305.3333333333333 233.33333333333334
305.6666666666667 234.33333333333334
306.6666666666667 234.66666666666666
307.0 235.0
308.0 235.66666666666666
309.0 236.66666666666666
309.6666666666667 237.33333333333334
310.3333333333333 238.0
311.0 238.66666666666666
311.6666666666667 239.66666666666666
313.0 240.33333333333334
313.6666666666667 241.33333333333334
315.0 241.66666666666666
316.0 242.66666666666666
317.3333333333333 243.0
318.3333333333333 243.66666666666666
319.0 243.66666666666666
319.3333333333333 244.0
320.0 244.33333333333334
320.6666666666667 244.66666666666666
321.6666666666667 245.66666666666666
322.6666666666667 246.0
324.0 246.66666666666666
324.6666666666667 247.0
325.6666666666667 247.33333333333334
326.3333333333333 248.0
327.3333333333333 248.0
328.3333333333333 248.33333333333334
329.3333333333333 248.66666666666666
330.0 249.0
331.0 249.0
332.0 249.66666666666666
333.3333333333333 250.0
334.3333333333333 250.0
335.6666666666667 250.33333333333334
336.6666666666667 251.0
337.0 251.33333333333334
338.3333333333333 251.66666666666666
339.3333333333333 251.66666666666666
340.6666666666667 252.0
342.3333333333333 252.33333333333334
344.3333333333333 253.0
346.3333333333333 253.33333333333334
347.6666666666667 253.66666666666666
349.6666666666667 254.33333333333334
352.0 255.0
354.6666666666667 255.33333333333334
357.6666666666667 256.6666666666667
358.6666666666667 257.0
360.0 257.3333333333333
361.6666666666667 257.3333333333333
364.0 258.0
365.6666666666667 258.3333333333333
368.0 259.0
370.3333333333333 259.0
371.0 259.3333333333333
372.3333333333333 259.6666666666667
375.0 259.6666666666667
376.6666666666667 260.0
379.3333333333333 260.6666666666667
382.3333333333333 261.0
384.3333333333333 261.3333333333333
386.6666666666667 261.3333333333333
387.6666666666667 261.6666666666667
389.0 262.3333333333333
391.0 262.3333333333333
392.6666666666667 262.6666666666667
393.6666666666667 262.6666666666667
394.6666666666667 263.0
396.3333333333333 263.3333333333333
398.0 263.3333333333333
399.6666666666667 263.6666666666667
401.6666666666667 264.0
404.0 264.3333333333333
406.0 264.3333333333333
408.6666666666667 264.6666666666667
410.3333333333333 264.6666666666667
411.6666666666667 265.0
413.3333333333333 265.0
416.0 265.0
417.3333333333333 265.0
418.6666666666667 265.3333333333333
420.3333333333333 265.6666666666667
422.0 265.6666666666667
423.0 265.6666666666667
424.0 265.6666666666667
424.6666666666667 266.0
425.0 266.0
425.6666666666667 266.0
